1 -1.56758945614
2 -0.88880449586
3 -0.795461337006
4 -0.0719624358641
5 -0.473857555838
6 -1.39991619606
7 -0.696993550302
8 -0.0251383815085
9 -0.593352304531
10 -1.38588775565
11 -1.0264185379
12 0.490073002579
13 -0.119897127772
14 -0.159078244388
15 -0.543786197831
16 -0.900024220903
17 -0.780460491132
18 -0.640996478487
19 -0.691926928359
20 -0.0447467740726
21 -1.18207205909
22 -0.539629798666
23 -0.368639228382
24 -1.08191476244
25 -0.989304682575
26 -0.385071243515
27 0.307190281885
28 -0.0902303017037
29 -0.90037813509
30 0.866537101604
31 -0.209439456722
32 -1.46256102269
33 -3.1245447966
34 -1.19021724448
35 0.941253945381
36 -0.880548695614
37 -0.810226786084
38 1.09486107422
39 -0.862666393236
40 0.0877098607333
41 -0.222891224575
42 -0.439231839278
43 -0.299235670255
44 -0.806056257677
45 -0.429868044635
46 0.0208869389797
47 -1.40155837232
48 -0.45489506345
49 1.21570873553
50 -1.59006088335
52 -0.57089287631
53 1.61488335823
54 0.355645019953
55 1.07860742959
56 -0.321006148843
57 0.192273683657
58 -0.402915493613
59 2.1150053469
60 -0.527700566279
61 0.178292975328
62 -0.937590171266
63 -0.514105227908
64 0.855561298637
65 0.151222498914
66 -0.562246683205
67 4.21737780279
68 -0.0155363813947
69 -1.16597336178
70 -1.00066656876
71 -0.106914787362
72 0.275772740519
73 -0.81688313932
74 -0.357647140128
75 -1.17609530634
76 -0.422441704657
77 0.904412027495
78 0.757648444974
79 -0.239090261645
80 0.813801435329
81 -0.609499753544
82 0.452777145157
83 0.490471722158
84 2.7167862615
85 0.318049230126
86 -0.922779219468
87 0.508454124635
88 -0.427049207056
89 -0.747676821371
90 0.275843788183
92 0.658578229572
93 0.171420610834
94 -0.361673846868
95 -0.877509512745
96 1.12251172866
97 -0.0104937680979
99 0.859838406437
100 -0.190498654133
101 -0.725805387226
102 0.815961979261
103 0.194625337017
104 -1.30886295041
105 -0.377952507641
106 1.43166607391
107 -0.521615071916
108 1.92494836354
110 -1.88838489156
111 -0.958135619766
112 -1.15216191414
113 1.43993011932
114 0.79637492324
116 0.879149505925
117 -0.0350970265243
118 0.114021725392
119 0.43873286772
121 0.472005814931
122 -0.35994593399
123 0.0927394868963
124 0.654877284053
125 -0.428417918165
126 -0.683066679905
128 1.09132843441
129 -0.0590686925084
130 2.91989741482
131 1.27236782747
132 0.721400317311
134 3.79909170919
135 -0.0543444042681
136 2.31768767889
137 1.19289207944
138 4.06348351831
139 -1.09481422697
140 -0.138276841307
141 -0.899513004033
144 -0.836663178757
145 -1.2075765372
146 1.98086146929
147 -0.426355577679
148 1.07177246547
149 0.794340271006
150 -1.33587407441
151 -0.844493505871
152 0.716545872036
153 -0.830688133575
154 0.518351582649
155 -0.198841758587
156 0.386603789292
157 -0.206863944588
158 -0.351701544218
159 0.155838379082
160 -0.911149114847
161 -1.20062920812
162 -0.244243695011
163 -1.12393105281
164 -0.362804935756
165 -1.28520857059
166 0.706660028564
167 2.48698504457
168 -0.744840320434
169 0.225763050001
170 -0.746204648171
171 0.112175072555
172 -1.14623280504
173 -1.13173437958
174 0.173213190229
175 -0.350480471325
176 -0.21762106726
177 0.0516385627065
178 1.47953190343
179 0.407217847365
180 -1.10318569927
181 0.601341019917
182 0.0619844049375
183 0.985464001348
184 1.6048295401
185 -0.82978422859
186 -0.286627915194
187 0.217389678387
188 -0.451434456091
189 0.564880701569
190 0.638144941719
191 0.350507341429
192 0.0963895475305
193 0.303009843821
194 0.0370968233811
195 0.031401790848
196 -0.627478002512
197 1.43368734688
198 -1.21184112948
199 0.572645162347
200 0.779498718137
201 0.255180545405
202 0.63793243961
203 -0.0276691650868
204 -0.763663350077
205 0.101307489266
206 0.463779033544
207 -0.228013314749
208 -1.09576867068
209 -0.72002752011
210 -0.193325220957
211 0.941085942521
213 0.172549938603
214 0.816257052007
215 -0.0752245059104
216 -1.07677504983
217 -0.783071907264
218 0.19564698267
219 0.223201272978
220 -0.470319286151
222 -0.361590191932
223 -1.5457180299
224 -0.445464055313
225 -0.827889845339
227 -0.634300254963
228 0.350420677918
229 0.0923455380296
230 -0.24892178469
231 -1.05063971302
232 -0.471019979319
233 -0.173925641488
234 -0.0562381691956
235 -0.594899388756
236 -0.527813160747
237 -0.367509965563
238 0.281587511686
239 -0.270407056712
240 0.416013469218
241 0.944058747269
242 0.3003024208
245 2.5583683066
246 -0.914973317597
247 -0.185220171434
248 0.119859197002
249 -0.707820827212
250 0.500991457655
251 -0.0188796631721
252 -0.592371983886
253 -0.826678502618
254 0.559881741296
255 0.175985419177
256 -0.160284885553
257 -0.699686195826
258 -0.227951667286
259 -0.062141239491
260 -1.87138732251
261 -0.0538086081213
262 -0.311773984988
263 1.3667018721
264 4.14842396376
265 -0.754264865649
266 -1.19624980999
267 0.0193185520811
268 0.473644479148
269 0.446356904595
270 -0.0640060469009
271 0.774053481907
272 -0.150990721569
273 -0.0494495665014
274 0.405292836773
275 0.308974372997
276 -0.18206218675
277 -0.437702402917
278 0.108690630618
279 0.426026085008
280 -0.399616307779
281 -0.339757602402
282 -0.152994959043
283 0.173805328636
286 -0.0961240996766
287 0.371553432112
288 -0.978434809551
289 -0.21022761782
290 -0.139213361752
291 0.00108268821088
292 -1.08261976194
293 -1.13379162739
294 0.0686859136954
295 0.108274690619
296 -1.54023381423
297 0.130558824985
298 0.254987236111
299 -0.0953740705917
300 -0.606846548031
301 0.431621170437
302 0.326053523688
303 -0.588863229354
304 -0.0598333907505
305 0.425515638944
306 -0.0483665602707
307 0.0531898392749
308 0.156425342522
309 0.511468426959
310 1.00517274115
312 -0.253654263636
313 -0.329471061421
314 -0.320860587372
315 -0.526850115782
316 -1.54203211814
317 -0.946738054831
318 -1.69523734444
319 -0.402830245839
320 0.519796085645
321 0.287705431627
322 -0.322501658824
324 0.443443852342
325 0.408723388644
326 0.730054723201
327 -0.788826021157
328 -0.071294222697
329 -1.49716514128
330 0.478066947457
331 2.8769779821
332 0.235075339654
333 -0.93653748416
334 0.820262330306
335 0.751085346249
336 -0.779655876082
337 -0.623599743128
338 -0.910689268979
339 -0.697194468585
340 -0.346645691577
341 0.899857984089
342 -0.533827590945
343 1.34228314164
344 -0.909678651638
345 -0.387020449731
346 0.00762596529323
347 1.15906253511
348 -0.404417347153
349 -1.49579897439
350 -0.656118693936
351 -0.0199960125357
352 -0.177302583285
353 -1.14356960271
354 0.109685094872
355 0.304488674137
356 -1.58550324748
357 -0.951344123797
358 -0.521160087502
359 0.952836756298
360 -0.366458241233
361 -0.403295581491
362 -0.451514188717
363 0.707575721578
364 -1.22043587317
365 0.181532027514
366 -0.124575767689
367 -1.07393200917
368 -1.0846848695
369 0.911857540123
370 -0.565141882452
371 -0.0377936845567
372 -0.438113275645
373 -0.410860282429
374 0.242614714099
375 1.37782847966
376 -0.728943153739
377 -1.35651368052
378 -0.449336591591
379 -1.06812464159
380 -1.42351552135
381 -0.360365734247
382 -0.26769646445
383 -0.686631104752
384 0.415726249063
385 2.11817025166
386 0.594532043995
387 -0.268816683173
388 0.178753664515
389 1.17518530348
390 0.55522921382
391 -0.195084382586
392 0.0188589854231
393 -0.51734556104
394 0.35486750581
396 1.13336148194
397 0.840968804582
398 1.15773981906
401 0.042917708328
404 1.50006530223
405 -0.962901935216
406 -0.0892962432667
407 -0.502892772053
408 -0.417476906312
409 0.0607694326276
410 -0.311609845355
411 0.388423637961
412 0.109938229534
413 -0.240644621286
414 -0.0700436657329
415 -0.225994574378
416 0.543420896086
417 -0.24546656878
418 0.52980818149
419 0.59023018068
420 -0.67314799719
421 -0.0343076897783
422 0.428019349049
423 -0.658150944845
424 0.16692189449
425 0.664915166084
426 -0.220425985005
427 -0.200144057893
428 -0.77803995352
429 -0.161431000382
430 0.114639960844
431 -0.66180324392
432 -0.608460694355
433 0.373357607088
434 -1.09767555985
435 -0.621333737105
436 0.119068845205
437 0.864989351228
438 -0.13930049821
439 -0.490131890636
440 -0.970065253375
441 -0.994996204338
442 -1.19705180884
443 0.147419533725
444 0.00224237862353
445 -0.74437782345
446 0.00475483743986
447 1.99286818601
448 -0.0350992455492
449 -0.473224722882
450 -0.556602944964
451 0.342902903507
452 0.777567635101
453 -0.0919112808108
454 -0.930544521218
455 -0.34819187822
456 -0.252498057276
457 -1.72830464088
458 -0.574739042616
459 -0.705315089614
460 0.284337795806
461 0.767045404805
462 -0.766437582536
463 0.279059460915
464 -0.635019640468
465 -0.0581066433299
466 -1.04027821698
467 -0.413452003036
468 -0.48294372896
469 -0.054864025824
471 -0.708931767292
472 0.00979249930694
473 0.330272145024
474 -1.27065862819
475 -0.395211636931
476 1.14148540845
477 -0.10289673739
478 0.491403391589
479 -0.506740938569
480 -1.83257731703
481 -0.440229389628
482 -0.588289390922
483 0.623475534058
484 1.41290694084
485 -0.923240586504
486 0.227466917059
487 -0.358833462233
488 0.538002280589
489 0.458423975183
490 -0.223886725409
491 -0.307535380383
492 -0.215541583607
493 -1.02474624948
494 -1.00620766073
495 1.3001121278
496 1.50067224384
497 -0.877406748296
498 0.257134951335
499 -0.15859475085
500 -0.950736497894
501 1.07092766825
502 0.153372778409
503 1.11469187256
504 -0.983577696463
505 -0.156228965876
506 0.386788134355
507 -0.640846202517
508 -0.918711997799
509 -0.441524143131
510 -0.109189898388
511 -0.890004772094
512 -0.190534163397
513 0.158700133782
514 -0.736282844385
515 -0.366718852886
516 -0.0942643676701
517 -1.00119466559
518 -0.000692192620892
519 -0.846087832296
520 -0.54243232197
521 -0.136424799267
522 0.0721092952696
523 0.462901114028
524 -1.14333129093
525 0.633627497792
526 1.03411365299
527 -1.58054642736
528 0.408626475459
529 -0.903662815404
530 4.06348351831
531 -0.248346839337
532 -0.0391298718536
533 -0.485457034062
534 -0.238520116715
535 -0.0627986372324
536 -0.00713148706031
537 -0.148297126771
538 -0.343588518038
539 -0.940917843323
540 0.298123036669
541 -1.48980993066
542 -0.193398644204
543 -1.02709976867
544 -0.320522620422
546 -0.649866373687
547 -0.601667747778
548 -0.779369311148
549 0.157157362652
550 -0.414205431738
551 -1.02964574227
552 -0.911007972769
553 -1.34687047176
554 -0.167862502375
555 -1.12522760564
556 -0.312314366898
557 2.40225092527
558 0.0643680691789
559 0.701982805743
560 0.319051927205
561 0.148620483703
562 -0.376317579798
563 1.57134815786
564 -0.348320691447
565 0.249144805608
566 -0.105750508541
567 2.61387413133
568 0.639497896644
569 -0.513431612685
570 0.616549360582
571 0.77978084551
572 0.10709324685
573 0.669225323414
574 0.0954651329634
575 0.0762611523324
577 0.470759505814
578 0.252923776069
580 0.100468539194
581 0.330410574612
583 0.943644008158
584 4.06348351831
585 -0.265841121707
586 -0.761084938329
587 -1.04247061423
588 -1.21917297759
589 -1.91728103476
590 -1.31595577821
592 -1.4059869718
593 -1.67754901037
594 -0.712972779143
595 -1.1488257706
596 -0.522709949256
597 -1.02719276704
598 -1.09155166109
599 -0.297789679899
600 -0.192302651766
601 2.48315812259
602 0.474479264882
603 0.171556982127
605 -0.496016208853
606 0.599467777876
608 -1.45112026601
609 -0.0656269127464
610 -1.35224075433
611 -0.444097631182
612 0.75728440356
613 0.297527272724
614 3.46175917115
615 -0.0157325171259
616 -0.384988419329
617 1.83043935377
618 -0.198709992579
619 -0.349712484644
621 1.52374606807
623 2.77824005379
626 1.51875847155
627 -0.0606285882153
628 -0.990411870672
630 0.590324636507
631 1.21353762047
632 1.41322703747
633 0.778493561923
635 0.0115995562324
637 -0.0189857132629
638 0.532711706949
639 0.2750704841
640 0.937711082724
645 1.4562308273
647 -0.703889273497
648 -1.50179210804
649 1.03673471052
650 0.33008006581
652 2.21908067645
653 -1.11217123775
656 0.424451418815
657 6.56838105688
659 1.57107737596
661 -0.778775627776
662 -0.266922368052
663 -0.639566912043
664 1.78994958017
665 0.819151799221
666 4.06348351831
667 -0.0540563463071
668 0.750287679739
669 0.811087827316
670 0.752437151175
671 -1.22124855994
673 -0.478624991353
674 -0.502462422212
678 -0.931774563434
679 1.60457690639
680 0.904932179094
681 0.853009385124
682 1.93018477526
685 0.478699486296
687 0.832494693035
688 -0.457505364022
691 0.291857611243
692 -0.508065883028
694 -0.246946562513
695 -0.0660405010097
696 -0.541742422373
697 0.0820973753098
698 3.46175917115
700 -0.562559668279
701 4.06348351831
702 1.01855901857
704 -0.440636092538
705 0.302006722838
706 -0.566507427648
707 -0.464296267462
708 -0.531380125603
709 -0.536944542366
710 0.652440749553
711 0.709742043785
712 1.57001725255
714 -0.173457250964
715 0.173182407546
716 -0.0822726399244
717 1.8663745487
718 -0.0014954965761
719 -0.181387573697
720 -1.11274194011
722 0.737651548807
724 -0.204303073831
725 0.225465693708
726 4.06348351831
728 -0.0636838397374
729 2.60496111691
731 -0.328229832096
733 -1.59797499073
734 2.11993933784
735 0.295053127161
736 -1.11918931556
737 -0.871901713946
741 -1.31879329091
742 0.50718598216
743 -0.118284170782
744 2.80845860532
745 -1.23045868123
746 1.18252609799
747 0.238430634728
748 -0.946439673734
750 -1.22719325622
751 2.28528495368
753 1.35133282377
754 1.12827648716
755 1.15634123101
756 7.72793812716
757 -0.0485467592752
758 5.17781892074
759 -0.363119880296
760 -0.495154304639
761 -0.399097784761
762 -0.129019723844
764 0.576371724414
765 -0.21434355795
766 0.654330029102
767 1.44814599568
769 0.860851098347
771 -0.769136022158
774 1.8663745487
775 0.281873381268
776 2.31828242641
778 -0.872619569543
779 0.203788904571
780 -1.64233269433
781 0.173833071121
782 -0.00531337818171
783 -0.619287864821
784 -0.34141372354
785 -1.3227476897
786 -1.14127637412
787 0.192838902547
788 -1.14745718088
789 -1.63193512729
791 0.921090572077
792 3.34794172561
793 2.83273358486
796 2.98461038926
798 -0.42428198571
799 -0.523378373732
800 -0.546825525982
801 0.387496797607
802 -0.810140973099
803 0.45705260542
804 -0.228665089293
805 -0.851016937009
806 0.519213967026
807 0.358114805807
808 0.660867585147
809 -0.00439847538568
810 1.90280573856
811 -0.52249393757
813 0.313647822708
814 0.899877782039
815 -0.677807421166
818 0.00946907966236
820 1.66439924163
823 2.78810317133
824 0.557780388286
827 3.05038415609
828 -0.402475639711
829 -0.0618616332932
830 -0.109996450998
831 0.519304475808
832 -0.971262797145
833 -0.159078184694
835 -0.329319091558
836 -0.735829676734
837 -0.47831291788
838 -0.570801807742
839 -0.659850119748
840 1.26963791672
841 1.49453754469
842 0.312268241883
844 1.37430003679
846 0.965153218986
848 -0.0815032778764
849 -0.67485875769
850 0.824611874435
851 0.192489531002
852 -0.927060987045
853 0.240429883325
854 2.02910590357
858 -1.53944223536
860 0.023541311669
861 -1.14166693147
862 0.882477700578
863 1.2207733743
864 2.34569175677
866 -0.721632223808
867 0.806732244942
869 0.139532543165
870 0.342733903308
874 2.19776956818
875 -0.180222879316
876 -0.207426846548
877 0.537881788306
878 3.42274679999
879 0.0515918823827
880 -0.360194690083
881 -0.00386900237363
882 0.583431883185
885 -0.488738641223
886 -0.52627524047
887 0.364494015061
888 0.610891976293
891 0.627504499667
892 -0.270663119987
893 0.111031160932
896 1.41255865674
897 -0.112563101258
898 -0.515491679079
899 -0.656291293361
900 -0.185750384762
901 0.421331236334
902 -0.555250281572
903 -0.788472224897
904 -0.952018745418
905 -0.237922080448
906 0.158467239933
907 0.463746588191
908 -0.988225387814
909 -0.395456303827
910 -0.699477971415
911 -0.192646966226
912 -1.08712853959
913 -0.852357481325
914 -0.571148188647
915 -0.324762696133
916 -0.293231569555
917 0.213017946308
918 0.176606293342
919 -1.1496048374
920 -1.01281866097
921 -0.416330891385
922 -0.212730155333
923 -0.810366122596
924 -1.30186205769
925 1.22214224
926 -0.034401170656
927 0.440523662082
928 -0.231208000847
929 0.567951284564
930 -0.125192759423
931 0.298117061445
932 -0.0532572918712
933 -0.417171581926
934 -0.612383957429
935 1.01298592149
936 0.480237402641
937 0.419336625357
938 -0.0213858450171
939 0.864803864582
940 -0.729321209868
941 -0.132261132459
942 0.155382895794
943 0.198147411977
944 0.533018199612
945 0.0318955483678
946 0.161227839644
947 0.176131698089
948 0.217010786893
949 0.0958918673112
950 -0.169094953729
951 -0.253023993598
952 -0.196817648549
953 -0.829380317521
954 -0.424992385973
955 -0.349166719349
956 0.346051598242
957 0.807821114214
958 2.04296448722
959 0.963535045854
960 1.14022676796
961 0.218086087804
962 1.25365306052
963 -0.124003234822
964 0.692821477071
965 -0.0911972267658
966 1.7365152542
967 0.402790114425
968 -0.860038983766
969 -0.98769937926
970 1.22099757706
971 0.109659523273
972 0.721595069983
973 0.346054091731
974 1.72689813463
976 0.446767536414
978 0.543085975782
980 1.63063970063
981 1.72185580594
982 0.473245969589
984 0.0259543124047
985 1.35298973393
986 -0.460702635888
987 0.590128038574
988 0.473697326154
989 -0.205197812144
990 0.350260651019
991 -0.363412889619
992 0.0197159592948
993 1.79844986119
994 -0.324413042844
996 -0.720892073831
997 1.05385358881
998 -0.10179083061
999 -0.436258621551
1000 0.743174914648
1002 1.22794320667
1003 -0.133126295718
1004 -0.319938747769
1005 0.247463763341
1006 -0.55073241184
1007 -0.0696910499193
1008 0.0818658470071
1009 -0.455813015249
1010 -0.173555291869
1011 -0.210011626863
1012 -0.426956223447
1013 -0.2436723345
1014 0.225399611196
1015 -0.559500648508
1016 0.219523087471
1017 -0.394792616307
1018 0.437823580493
1019 -0.864571693625
1020 -0.56634136196
1021 0.0189552847012
1022 -0.65900538455
1023 -0.662075234296
1024 0.233868392332
1025 -0.708555295958
1026 1.84338091895
1027 -0.673733717861
1028 -0.860227385268
1029 -0.560752752407
1030 -0.400029781761
1031 -0.471216945148
1032 -0.588627034884
1033 -0.622575939182
1034 -0.280459087017
1035 -0.913079866805
1036 -1.72335938774
1037 -1.06074063597
1038 1.37094227388
1039 1.44679204225
1040 3.00948332202
1041 -0.213079602087
1042 -0.856223108746
1043 0.419403359557
1044 0.0717899980477
1046 0.168025496382
1047 -1.02333858797
1049 -1.09749285755
1050 -0.0830669031623
1051 0.174706260832
1053 0.781521795169
1054 0.285762520612
1055 1.13255693974
1056 0.430475201427
1057 -0.0190642956885
1058 0.576546942843
1059 -0.78245050937
1060 -1.34620495564
1061 -0.715163124433
1063 1.12167508164
1064 -0.462295913177
1066 -0.00677878483424
1067 1.36325061587
1068 1.46805253172
1069 0.466499885733
1071 1.13629600026
1073 -1.14149965526
1076 1.53985214578
1077 -0.833317534831
1078 -0.270472998267
1079 -1.21559358258
1080 -1.01634859131
1081 -0.320285531142
1082 0.017190961471
1083 -0.412716529324
1084 -0.503014959505
1085 -0.260232394049
1086 -0.37212572567
1087 0.538902511549
1088 -0.539845671153
1089 -1.34372655453
1090 -1.24036434372
1091 -0.626098930553
1092 -1.03931342795
1093 -1.09587610148
1094 -0.695173739958
1095 -0.588636162477
1096 -0.217411567559
1097 -1.48548989067
1099 -0.128807050563
1100 -1.04243478197
1101 -1.44859621004
1102 0.899877782039
1103 -0.169187727312
1104 -0.350979322288
1105 1.45828854523
1111 0.186305696528
1112 1.0527139062
1113 0.436150217204
1114 1.43314314204
1116 1.84427104236
1117 1.49740310677
1119 0.833216106127
1120 -0.444523039368
1121 0.440435195498
1123 0.238936977756
1124 -0.515729840967
1125 -0.644493491284
1126 -0.640250617706
1127 -1.65932310389
1128 0.206578266798
1129 -1.24660113882
1130 0.114028588359
1131 -0.147608147434
1132 -0.236507014461
1134 0.321809614695
1135 -0.250878855102
1136 -1.4224339708
1138 0.698235633806
1139 0.317590658891
1144 0.548982865441
1147 -0.481965142228
1148 -1.29559182261
1149 2.11145918123
1150 0.279648140329
1151 0.835846518703
1152 1.27550250878
1153 2.65889122768
1154 0.981923013725
1160 3.43597106181
1161 0.389746573506
1162 0.248908297997
1163 0.199765936256
1164 1.69876085674
1167 -0.0791966058415
1168 0.171719525072
1169 0.493316801995
1171 -0.52961918712
1172 -0.749662878628
1173 -0.0863363178532
1174 -0.320545176118
1175 -0.712351860085
1176 0.623700004218
1177 0.364413453079
1178 -0.181361916688
1179 -0.552185616979
1180 0.295011336021
1181 0.880647971991
1183 -0.827954821418
1184 -0.065839839161
1185 -0.413250864554
1186 -0.390620703358
1187 0.367420932264
1188 -0.683577166809
1189 -0.105475089254
1190 0.333760332139
1191 0.367117400194
1192 0.425576984394
1193 -1.34225242262
1194 -0.528959788494
1196 -1.84879605822
1197 -1.70696877136
1198 -1.80195749925
1199 -1.17886964002
1200 -1.68221409914
1201 -1.2847513646
1202 0.500576164214
1203 -0.931683186344
1204 -1.02360779398
1205 -1.48473159142
1206 -1.27587267434
1207 -0.898867191462
1208 -1.13142815359
1209 -0.140414406166
1210 -1.92399571169
1211 -0.0722616866503
1212 -0.372389411462
1213 -1.44284418118
1214 -1.55900897171
1215 -1.30072967895
1216 -0.552733056005
1217 -0.404898082841
1218 -1.06323672279
1219 -0.92780155924
1220 -1.42800137084
1221 -1.47180982478
1222 -1.38618760509
1223 -1.10112376952
1224 -0.686873117093
1225 -1.1513697375
1226 -0.438611701817
1227 -0.345778736238
1228 -0.719908050236
1230 -0.843528021901
1231 -0.966265436251
1232 0.44306598603
1233 -1.17001553078
1234 -1.12052556145
1235 -0.640560073455
1236 0.757708444244
1237 -0.0811249028193
1238 -0.339789075168
1240 -1.76261995801
1241 -0.263645581844
1242 -1.40777997758
1243 -0.675042676551
1244 -0.483990655625
1245 -0.458347703422
1246 -1.08276180703
1247 -0.943483854557
1248 -0.263153276183
1249 -1.01735015967
1250 -1.11092229245
1251 0.252825180931
1252 -0.857012966228
1253 -0.905724371225
1254 -0.481025739677
1255 -0.247194431031
1256 -0.674137490002
1257 -1.18456352305
1258 -1.08701109567
1259 -1.48092367508
1260 0.0824834347684
1261 -0.987317650675
1262 -1.16569452271
1263 -0.85994098923
1264 -0.161295946303
1265 -1.39834218315
1266 -1.20111059429
1267 -0.71438310132
1268 -0.621885048807
1269 -0.728556549759
1270 -1.69141755971
1271 -0.539832751924
1272 -0.911025743355
1273 0.120280848018
1274 -1.21263887945
1275 -1.49504860009
1276 -1.05738095641
1277 -0.699070574515
1278 -1.05527797264
1279 0.0812997935242
1280 -0.123738369328
1281 -0.0420168063981
1282 -0.828801631371
1283 -0.471219663195
1284 -0.387356449565
1285 -0.811656809629
1286 -0.406536971204
1287 -1.13643776484
1288 -1.11472588373
1289 -0.0237506327657
1290 -0.629132421392
1291 -1.73814178559
1292 -0.636561486362
1293 -0.854557198337
1294 -1.03797104161
1295 0.036480037271
1296 -0.367233057234
1297 -0.982674479363
1298 -0.855261542507
1299 -0.84059641884
1300 -0.24175577589
1301 -0.960953023078
1302 -1.00777953798
1303 -0.531316029925
1304 -1.23669120435
1305 0.611624763381
1306 -0.26237435459
1307 -1.3663383412
1310 -0.0924818216677
1312 1.28253203341
1313 0.0339235907328
1316 1.15847244193
1317 -0.183698511784
1320 -1.02092731679
1321 -0.623191161574
1322 2.42451851792
1324 4.20453963337
1325 1.38100687162
1326 1.70947757527
1327 -0.390270217389
1328 -0.22886263787
1329 1.46356824345
1330 -0.00291638218224
1331 0.127052527784
1332 0.179083409812
1333 -0.643265018287
1334 -0.0420621280966
1335 3.25557540507
1336 1.08232497552
1337 0.045043023868
1339 -0.65759490826
1340 -0.0316147215672
1341 1.2354589812
1342 0.131510175575
1343 -0.975358662026
1344 -0.338780828524
1345 -0.367184069603
1346 0.27105636151
1347 -0.508013929638
1348 0.0101323628094
1349 0.980323783665
1350 -0.520164392953
1351 0.976936048475
1352 0.249182277382
1353 -0.155741410682
1354 0.12622501859
1355 0.0738491421785
1356 -1.69745708598
1357 -0.744596242444
1358 -1.22144576654
1359 -0.152828237193
1360 1.93386057807
1361 -0.014371808182
1362 0.541761146151
1363 0.0109895960254
1365 0.517476067243
1366 0.125809645581
1367 -0.21426093868
1369 2.92969021221
1370 -1.43226651797
1371 -1.10090679946
1372 -1.46157556811
1373 -1.13225968957
1374 -1.64959671003
1375 -1.23429248691
1376 -1.44014906392
1377 -0.910313849965
1378 -1.12976597688
1379 -0.925076373989
1380 -0.763809772344
1381 -0.279130194188
1382 -0.621389458357
1384 1.53393838111
1385 -1.1363747664
1387 -1.41587309565
1388 -0.156628108103
1389 0.343714115896
1390 0.0300271979045
1391 -1.00071359
1392 0.00411590676651
1393 -1.21713854506
1394 -1.19643528791
1395 -0.327016098355
1396 -1.46094867564
1397 0.136132272399
1398 -0.485732695544
1399 0.293733584459
1401 -0.450730887767
1404 -0.0653185826113
1405 -0.769584464424
1406 2.90366768514
1407 -0.869643976575
1408 -1.3406816979
1409 -0.367348293275
1410 -0.0618252125164
1411 -0.750629567585
1412 1.18334314761
1413 0.853711085796
1414 -0.282262719771
1415 1.54671236063
1416 -0.261257745371
1417 0.406478407215
1419 0.278599501902
1420 -0.453673617469
1421 -0.928903262066
1422 -0.566416751721
1423 1.08817635582
1425 -0.541684752735
1426 1.12529394186
1427 -0.146824959624
1428 0.819272577496
1429 -1.06461194112
1431 -0.457710811177
1432 -0.923367669484
1433 4.63040517161
1434 0.224815443465
1436 1.06711813619
1437 0.421275694582
1438 -0.698647006046
1439 0.176303588343
1440 -0.0121629816844
1441 -0.51354789402
1442 -0.422873178667
1444 0.0807440233349
1445 0.047929876542
1446 -0.156497128539
1447 0.277570601283
1449 -0.633227183764
1450 1.37600649951
1453 0.462478845272
1454 0.29238236025
1455 0.631858835781
1456 -0.019381243971
1457 -0.233709944036
1458 0.707427286024
1459 -0.678537030159
1460 0.633471261101
1461 0.0546083838018
1463 0.607252697959
1464 -0.0428990683877
1465 -0.205358901361
1466 -0.888529189379
1468 -0.40267855135
1471 1.93548084099
1472 0.0643679943144
1473 -0.593937818987
1474 0.227605944995
1475 0.442956094298
1476 -0.890907760505
1477 0.291813967314
1479 -1.06121287241
1480 -0.351885284409
1482 0.533379468887
1483 0.869996700867
1484 0.189074572161
1485 -0.894021738709
1486 1.13336148194
1487 -0.202318235657
1488 -0.708513642013
1489 -0.0781778380979
1490 2.48315812259
1493 0.803229058652
1494 0.076308546997
1496 0.125553141194
1497 -0.0728481370724
1498 -0.175000338446
1499 -0.492381660811
1500 -1.22432237707
1501 0.165562497385
1502 0.641790545039
1503 -0.113765119845
1504 2.88949524185
1507 0.263746447501
1508 1.08436332692
1509 0.511698301156
1511 1.17757968917
1513 -0.702170659314
1514 1.76828596358
1515 0.21956466322
1516 0.309305759393
1517 -1.30387287601
1518 -0.84672732872
1519 3.42274679999
1520 -0.5869624673
1522 5.17781892074
1523 -0.159048036034
1525 -0.726350212127
1526 0.584771921246
1527 -1.55246271579
1529 0.710110741172
1531 1.5581021925
1533 0.768746649171
1534 2.10740815713
1535 0.197680152653
1537 -0.609049307474
1539 0.890099048826
1541 -0.136161358944
1542 -0.0777292775707
1543 2.88594102772
1544 -1.37260662742
1545 0.308312341483
1546 0.343827907996
1547 0.21577733522
1549 -0.347884522879
1550 0.0446825328167
1551 0.735649871728
1552 -1.22329335797
1553 1.95548312573
1554 0.310348959057
1556 -0.822402174965
1561 1.58108880143
1562 -0.677754078087
1563 0.769336983852
1564 -0.122995638285
1565 -1.6170998059
1566 -0.905681113842
1567 0.323031805723
1569 -0.748824559964
1570 0.300170633429
1571 0.79962056559
1572 1.41743675602
1573 -1.46635180704
1574 0.466131031176
1575 1.18689826132
1580 -1.65431812254
1581 0.608530731168
1582 -0.212572872197
1583 0.44202683349
1584 -1.49215531706
1585 0.567025991552
1586 -0.902876121657
1587 -1.07693748458
1588 -0.239049606957
1589 -0.846360253884
1590 -0.925624464721
1591 -1.08493024118
1592 0.236697924876
1593 -0.0657739281243
1594 -0.353535877834
1595 0.141116399536
1596 1.38669416005
1597 -1.14670992978
1598 -0.515471686782
1599 -0.568836552578
1600 0.26018345939
1601 -0.130873430861
1602 0.569634907056
1603 -0.3989761835
1604 -0.0764855653924
1605 -0.237986609014
1606 -0.443927452877
1608 -1.38334828541
1609 0.0166096106769
1610 -1.70044645147
1611 0.317241356348
1612 0.263168308188
1613 0.191725796547
1614 -0.408096864572
1615 -0.716584856547
1616 -0.92683867916
1617 -1.43686844768
1619 -0.75072999724
1620 -0.88357863787
1621 0.264730868889
1622 2.1808184766
1623 0.20110079114
1624 -0.394994062826
1625 -1.23522060726
1626 -0.180865960976
1627 -0.560460708221
1629 0.109866444336
1631 -0.0373427943797
1632 0.228832765316
1633 -0.167242941809
1635 -0.326797836628
1636 -0.415524514072
1639 -1.08027739244
1640 0.134162127236
1641 -1.03044778501
1642 0.0219197230439
1643 -0.121942298332
1644 -0.22852027082
1645 -0.967647049298
1646 -0.485804832988
1647 0.071580834386
1648 -0.210633485021
1649 0.01656157768
1650 1.19075961252
1651 1.07828109304
1652 1.54514410126
1653 -1.30914069422
1654 -0.0418880025289
1655 1.07696950531
1656 -0.134471849106
1657 0.582258668887
1658 -0.361789572136
1659 -0.0276660995093
1660 -0.125385576068
1661 -0.384972120994
1662 0.542448220359
1663 -1.17959514285
1664 1.73879107225
1665 -0.268100129482
1666 0.626333851108
1667 -0.564097300751
1668 0.728327055513
1669 0.811121212094
1670 -0.290414416659
1671 0.306863235472
1672 -0.627009458951
1673 -0.903318173316
1674 -0.907955497039
1675 1.72314884815
1676 -1.4220292028
1677 -0.0884125380384
1678 -0.546122311723
1679 2.25719201418
1680 -0.71261099386
1681 -0.484413508261
1682 -1.09150032706
1683 0.208185072728
1684 0.981615545708
1685 1.01141548735
1686 -0.301484179291
1687 -0.793199070082
1688 -0.554822647962
1689 -0.663513009854
1690 -0.94018394872
1692 -1.87069160466
1693 -0.630147534727
1694 -0.37105047884
1695 0.966578793971
1696 0.986687184026
1699 0.123615541728
1701 -0.175163492189
1702 -0.0828692197537
1703 0.374783620463
1704 -1.41496451011
1707 0.498662972573
1711 -0.703434988066
1713 -0.0531084744761
1715 0.945099859672
1717 -0.355310941097
1718 -0.473795808559
1719 -0.219826952327
1721 -1.42355583368
1722 -1.25867403225
1725 0.119408918545
1726 -0.283984397091
1727 -0.4147517773
1728 2.08034534084
1729 -0.749747030162
1730 -0.204218374674
1731 -0.352982285933
1732 -1.03349322612
1733 1.00919943321
1734 0.144237232272
1735 -0.403214081698
1739 1.57305616433
1741 0.214248257943
1743 0.192494912087
1744 -0.287084903721
1746 -0.00985256768404
1747 -0.794992325998
1748 -1.24609396797
1749 2.14981323461
1750 -0.687245163178
1752 -0.556209803413
1753 -0.971529875925
1754 -0.834017037328
1755 -0.634196852246
1756 0.0981206524553
1758 -0.129936108968
1759 0.589146914572
1760 0.25828580428
1762 -0.207765922789
1764 2.48315812259
1767 0.902338724952
1769 -0.753469217787
1770 0.534394509382
1771 0.759033182625
1772 -0.551036188701
1773 1.95998485206
1777 -0.999842181817
1779 -1.2208865972
1780 -0.0179546091835
1782 1.84420813496
1783 -0.708526378966
1784 -1.23882235552
1785 -0.0663269089778
1787 -0.0312596091578
1788 -0.0158614331534
1791 1.06129044951
1792 -0.951111561906
1793 -0.13932993624
1794 0.28232003369
1795 1.8663745487
1796 1.70575932498
1797 -0.938866513775
1798 -0.0653278654279
1799 -0.990434322478
1801 -0.698176670546
1804 -0.0788927864878
1805 -0.796213852094
1806 -0.240438865072
1807 -0.771484387282
1809 0.676896705263
1810 -0.317007252068
1811 1.2920929689
1812 0.346234707209
1814 0.0062275867619
1816 0.171214272608
1817 -0.589341571541
1821 -0.117140147068
1822 0.247249737823
1824 -0.240247389514
1825 -0.307373493572
1826 0.30745143406
1827 -0.126339242063
1829 0.41247830619
1830 0.453018205655
1831 -1.04082758243
1832 -1.20967694449
1833 -0.761558313438
1834 -0.549533566313
1835 -0.729186128814
1836 0.23642929448
1837 0.447291391849
1839 -0.0512757252864
1840 -0.300754234267
1841 0.538361484124
1842 1.17890961666
1843 2.24963633325
1844 1.61222679369
1845 -0.590838750023
1846 1.73460997918
1848 -0.346239037015
1849 -1.39220050082
1850 0.287777557971
1851 -0.565168532546
1853 -0.133343057959
1854 -0.20414457856
1855 0.692769318499
1856 0.5518669812
1857 0.382873625465
1858 -0.884252868746
1859 1.11430628854
1860 0.397671721874
1862 -0.198447887851
1863 -0.474316205589
1864 1.06024050003
1865 0.706002458647
1866 -0.741733276454
1867 -0.614974640701
1869 0.678618679635
1870 -0.362632419219
1871 1.04775911374
1872 2.53174438713
1873 -0.802271873941
1874 0.169011736426
1875 0.152020500288
1876 -1.18255314012
1877 1.13051664839
1878 -0.786584140271
1879 0.536870590368
1880 0.222077704369
1881 -0.480708490634
1882 -0.786327317748
1883 -0.779117671669
1884 -0.544456242708
1885 -0.502273817189
1886 1.72185580594
1887 0.338047532936
1888 -0.409930955793
1889 0.533025972722
1890 2.86138620571
1891 1.8663745487
1892 -1.02454259015
1893 0.651360528564
1894 -0.643748770653
1895 -0.764386705497
1896 1.36189601981
1897 0.365110289824
1898 0.114237661941
1899 -1.05810841873
1900 0.627586297003
1901 0.509740250022
1902 0.318490936549
1903 0.113641911661
1904 0.517555701384
1906 0.0517323472151
1907 -0.945695202139
1908 2.48315812259
1909 -1.44692306473
1910 0.203786567516
1911 -0.837977263186
1912 -1.10982237682
1913 0.208568247968
1914 -0.502912357737
1915 0.596997538937
1916 -0.329012859651
1917 -1.40935508821
1918 -1.07123711568
1919 -0.074942508727
1920 -0.649809519642
1921 -1.00397253057
1922 0.317145499834
1923 -1.3868366191
1924 -0.205368401877
1925 0.458537703145
1926 1.06861744057
1927 -0.377080602141
1928 0.868690044311
1929 0.673101951972
1930 1.11612999615
1931 -0.528163099429
1932 0.978654876075
1933 1.44930248505
1934 0.226142238822
1935 0.726045033087
1936 0.620173912043
1937 0.571242850735
1938 0.3821383213
1939 0.0664934357038
1940 0.413094819476
1941 0.295844847056
1942 0.172104973931
1943 -0.0225485622512
1944 -0.294152045726
1945 -0.438997501186
1946 0.0972122481258
1947 -0.730339229964
1948 -0.188881212363
1949 -0.16046537004
1950 -0.376303149092
1951 -0.371448461744
1952 -0.391351844464
1953 -0.949371471563
1954 -1.39918099378
1955 -0.459027191204
1956 -0.498715177948
1957 -0.768179994315
1958 -0.431154840606
1959 -0.796471792322
1960 -0.677741533954
1961 -1.31435420314
1962 -0.644992675178
1963 -0.336637012246
1964 -0.0248465664429
1965 -0.916004592639
1966 -0.11863349232
1967 -1.05450016224
1968 -1.33402179398
1969 0.338497127372
1970 0.0103138451087
1971 -0.0104309815383
1972 1.33074866531
1973 0.622123864671
1974 -0.202553992553
1975 0.563157244222
1976 1.02921111459
1977 0.347973868872
1978 1.17318096038
1979 0.888020072026
1980 1.20681391855
1981 1.70408888823
1982 -0.623143498924
1983 0.109378122726
1984 1.53729167901
1985 0.679597737697
1986 0.828694501042
1987 0.501611626001
1988 1.64734574655
1989 4.20453963337
1990 1.66860706062
1991 0.340423156913
1992 1.7210913722
1993 1.76447803941
1994 -0.801769857705
1995 0.39373735686
1996 1.16402029086
1997 -0.980216369535
1998 1.04076751344
1999 -0.0414033887605
2000 -1.5339076922
2001 -1.34746628675
2002 -1.06923030011
2003 -0.721811234971
2004 -0.181309784092
2005 -1.24924089023
2006 -1.22301243619
2007 0.459348319357
2008 0.891886993905
2009 -0.942661988932
2010 -0.492677229875
2011 -1.30306331033
2012 -1.2096213556
2013 -1.07195002229
2014 0.0171985586758
2015 -0.293587493864
2016 -0.133823274386
2017 -0.329741518143
2018 -0.562564585181
2019 -0.87864662959
2020 -0.742253513899
2021 -1.31068539647
2022 -0.20531067459
2023 -1.19146507923
2024 0.157935568401
2025 -0.278061299862
2026 0.197484306599
2027 -0.04587678471
2028 -1.89005774125
2029 0.373946173778
2031 0.471937130549
2032 0.500816465694
2033 -0.674584981058
2034 -0.879611212085
2035 0.51064621723
2036 0.429220485269
2037 -0.0977058878314
2038 -0.703983917207
2040 -0.205645557897
2041 -0.988481255439
2042 0.0577080630786
2043 -0.124888577917
2044 0.315618132018
2045 0.0503289880268
2046 -1.13210477957
2047 0.441484640754
2048 -0.282554992048
2049 0.408021714277
2050 -0.135820398625
2051 -0.411703510759
2052 0.210162744556
2053 -0.654305423092
2054 -0.925165817871
2055 0.593449548911
2056 -0.564689508572
2057 -0.156293960381
2058 -1.3714543667
2059 -0.2740648842
2060 -0.36797122848
2061 1.48330008323
2062 0.59751303314
2063 2.73708341034
2064 -0.862656967278
2065 -0.341895904255
2066 0.482600223036
2067 -0.673506474918
2068 0.6368806182
2069 0.104320379047
2070 -0.325485103323
2071 -0.219852933841
2072 -0.531086111723
2073 -0.885972286662
2074 1.03385895434
2075 0.434511657213
2076 -0.455066950053
2077 -0.217320499586
2078 -0.866258186111
2079 0.708875662619
2080 -0.752901570349
2081 -1.05290923865
2082 -0.333718721999
2083 -0.610680764704
2084 -0.369741947185
2085 -0.57548985586
2086 0.0667150964908
2087 -0.641286253455
2088 -0.225328004545
2089 -0.282709760463
2090 -0.441613071717
2091 -0.559518247277
2092 0.032194936389
2093 -0.526524619644
2094 -1.23669142183
2095 0.147085658844
2096 -0.518953344805
2097 -0.159114491709
2098 0.376374375665
2099 -0.32367903183
2100 -0.879941610736
2101 0.908699336841
2102 -0.251658625576
2103 0.0216790023222
2104 1.0155724105
2105 -1.38050939133
2106 -0.505546482414
2107 0.327656639952
2108 -0.841350335657
2109 -0.893557199471
2110 -0.469222399735
2111 -0.467932270648
2112 -0.457736507886
2113 1.30427045456
2114 -0.41412809302
2115 -1.46020999079
2116 -1.10337308857
2117 -0.748068207387
2118 -0.400322092274
2119 0.608487098298
2120 -0.226292962914
2121 0.172965538987
2122 0.198207387812
2123 -0.167252942078
2124 -0.622207552969
2125 -0.642173217252
2126 -0.919951211669
2127 0.957536659276
2128 0.598823139438
2129 2.56128198514
2130 0.0986810349034
2131 1.27088843325
2132 -0.00937211122834
2133 -0.724592081853
2134 -0.879647597
2135 -0.301404268909
2136 -0.404031175201
2137 -0.666670801248
2138 -0.860168354983
2139 -0.848359218809
2140 -1.19303169363
2141 -0.568013944909
2142 -0.105779082293
2143 -0.940802582203
2144 -0.976282330435
2145 -0.744714414192
2146 -0.583413609802
2147 -0.924019085768
2148 0.266586651983
2149 1.30235776054
2150 -0.802930696956
2151 -0.646147182925
2152 0.291798120366
2153 -0.360632766923
2154 -0.226761657972
2155 -0.29992773658
2156 0.486067930541
2157 0.680622455169
2158 0.438449972167
2159 0.00982703933679
2160 -0.537382329228
2161 -0.955358923466
2162 -0.51442739405
2163 -0.106276099989
2164 0.508304771159
2165 0.165261211458
2166 -0.491250567941
2167 -1.24957779906
2168 0.0754473693375
2169 -0.226105643299
2170 -0.728643197335
2171 0.12852248272
2172 0.815048616778
2173 -0.667616260528
2174 -1.21143938109
2175 1.47958198337
2176 -0.144217069408
2177 0.489399671828
2178 0.448688401178
2179 0.42633993356
2180 0.36169454782
2181 0.427413717267
2182 0.550933999158
2183 0.0132875848709
2184 0.175308441851
2185 0.97990163141
2186 -0.270710590188
2187 0.995034028645
2188 -0.858116665461
2189 0.28943809813
2190 0.211013839512
2191 2.18426584728
2192 1.2573659092
2193 -1.27201440682
2194 -1.38144648006
2195 -0.497390137483
2196 0.109845152958
2197 0.574265921146
2198 -1.37905093972
2200 2.80845860532
2201 1.72447571425
2202 0.133952939603
2203 0.251962808165
2204 0.431437561
2205 0.888979170393
2206 0.194001646877
2207 1.30849616336
2208 0.229538139915
2209 0.767152806544
2210 0.869929071154
2211 1.05061066524
2212 0.00458516229869
2215 1.4756337976
2219 0.996162662331
2221 1.36093183099
2223 1.0994818754
2227 0.984466116413
2231 -0.754434674759
2232 -0.820757950219
2236 -0.574350410297
2237 -0.220196951829
2238 0.633084902181
2239 0.384116100672
2240 -0.340897904349
2241 -0.109085071148
2242 0.246294451635
2243 -0.597642378951
2244 0.18083959491
2245 -0.440806876689
2246 0.425510965482
2247 0.00186212521412
2248 -1.04178141126
2249 -0.479329893446
2250 0.974320229349
2252 -0.106514717218
2253 -0.825627532776
2255 -0.45277326011
2256 0.966570903698
2257 1.21513075227
2258 -1.00357629129
2259 0.068221889853
2260 -0.34016928817
2261 -0.719565300442
2262 -0.58444804006
2263 -0.571850004979
2264 0.727318842864
2265 -0.396636023458
2266 0.113436988885
2267 0.0430347466256
2268 -1.22218885738
2269 -0.708784470536
2271 0.285611043576
2272 0.117821930136
2273 -1.21413628058
2275 -1.00488963283
2276 0.39626825035
2278 -1.22760761613
2279 0.113064154043
2280 -0.570707137633
2281 -0.361327003371
2282 -0.484715995891
2283 0.971939629343
2284 0.681698723344
2285 0.985823397097
2286 -0.569057575254
2287 -0.329654033725
2288 -1.12368320555
2289 -0.751789927102
2290 0.385674586629
2291 -0.977574693985
2292 -0.0929289963714
2293 0.399824613742
2294 -0.871332801519
2295 0.171935747177
2296 -0.607717582771
2297 -0.669311646729
2298 1.68384081361
2299 1.02206638547
2300 -0.636092990774
2301 -0.972548909005
2302 -1.07216797372
2303 0.0670928135842
2304 1.52727391722
2305 0.723391272593
2306 -0.405906038332
2307 -0.357950093338
2309 0.364494015061
2310 -0.593694244205
2311 -1.14638269301
2312 -0.286090913584
2313 -0.362862704212
2314 0.0771496203564
2315 0.586025776143
2316 -0.147929913006
2317 0.156829289631
2318 -0.564292853906
2320 -0.126658868431
2321 -1.05743030477
2322 -0.715681033641
2323 0.316352674505
2324 -1.33153866201
2325 -0.527749412029
2326 1.85039700935
2327 0.636027595579
2328 -0.00125552534091
2329 -1.17202024607
2330 -0.0720503241724
2331 0.189789862286
2332 -0.387143879444
2333 -0.619007338483
2334 -1.00772672675
2335 -0.676370376949
2336 -1.02801012694
2337 -0.0234893867612
2338 0.119789980438
2339 0.241271639276
2340 -0.783885969038
2341 0.737690977866
2342 1.31577840992
2344 -0.380719850669
2345 0.664914063757
2346 -0.219803996941
2347 -0.389945403302
2348 0.0192116265643
2349 0.315065526079
2350 -0.134563928255
2351 1.00245065295
2352 -0.935241925241
2353 -1.44180587235
2354 -0.134825999015
2355 -1.55328808974
2356 0.0521494748451
2357 -0.115272017073
2358 0.131008231999
2359 -1.00595840819
2360 0.40639717531
2361 0.090975121167
2362 1.22045550402
2363 -0.631749688133
2364 -0.570334016615
2365 -0.778514123979
2366 -0.71497533403
2367 -0.650832246992
2368 1.72185580594
2369 -0.484080970364
2370 -0.239864494838
2371 -1.12446102244
2372 -0.997615134908
2373 -0.921886094889
2374 -0.298080213486
2375 -0.464999575595
2376 -0.816949320788
2377 -0.42801356451
2378 -0.575177588457
2379 -0.12872297779
2380 -0.225951577717
2381 0.0205523175409
2382 0.0737311414221
2383 0.637492667858
2384 -0.660573521335
2385 0.614099125995
2386 0.0904921447757
2387 -0.541081715926
2388 0.637106146565
2389 -0.203020601238
2390 -0.568436657539
2391 -0.953639217393
2392 -0.386848602364
2393 -1.46512999686
2394 -1.32764259597
2395 -1.24651247171
2396 -1.50479320037
2397 0.856829568371
2398 -0.363718321367
2399 -0.524748926981
2400 0.750197313912
2401 -0.803242269955
2402 -0.78511496931
2403 -1.07297251773
2404 -0.450241993399
2405 -0.844216534443
2406 -1.20825615139
2407 -0.97622875707
2408 -0.100763258392
2409 -1.0339593966
2410 -0.873052239959
2411 -0.936902982394
2412 -0.489497770549
2413 -0.781334551948
2414 -0.869796554966
2415 1.19414810127
2416 -0.582942248613
2417 0.283417325039
2418 -0.191628667564
2419 0.687893455944
2420 -0.638885962327
2421 -0.76414068274
2422 -0.671030768076
2423 -0.996834273233
2424 -0.844575329292
2425 0.210611667906
2426 0.179047758078
2427 -0.898310238104
2428 -0.549065349109
2429 0.102910667432
2430 0.347930960812
2431 -0.738855954361
2432 -0.0366348371713
2433 -1.12261603362
2434 -0.0397930613549
2435 -0.120584062332
2436 0.147523926586
2437 0.421064236794
2438 -0.113242439337
2439 0.127821850554
2440 0.189938002582
2441 0.169518350069
2442 0.173962003407
2443 -0.415958126587
2444 3.69321010212
2445 -0.332632620207
2446 0.739290211494
2447 -0.630895559986
2448 -0.55513316302
2449 0.328207506523
2450 -0.547727617617
2451 0.605031319369
2452 -0.516091058607
2453 -0.505009847873
2454 -0.508412020996
2455 -0.985663220646
2456 -0.540163545392
2457 -0.846246397879
2458 -0.441757747318
2459 -0.118435590607
2460 0.291994117314
2461 1.87731547347
2462 1.36081362532
2463 -0.582661697616
2464 0.555803571203
2465 1.506187843
2466 0.186316569742
2467 -0.662958686709
2468 -0.52608116872
2469 -0.344080100633
2470 -1.01147292709
2471 -0.683253522646
2472 0.144566661793
2473 0.0468047380326
2474 -0.470135599025
2475 0.384631372087
2476 -0.814551626018
2477 -0.453632202302
2478 -0.783121347313
2479 2.94454684391
2480 4.70132724904
2481 0.364682866786
2482 0.52524964627
2483 0.689997360968
2485 -0.789354965601
2487 0.079414241461
2488 0.865399359496
2490 -1.44446003409
2491 -0.420327650695
2492 -0.998944284941
2493 0.763665615921
2494 0.272315939987
2495 -0.427578708604
2496 -0.515250603504
2497 -0.562796717918
2498 0.0281276561079
2499 -0.529773450061
2500 0.197363839524
2501 -1.22406721924
2502 -1.33567463996
2503 1.78597633486
2504 -0.128605050884
2505 -0.215405518546
2506 -0.298967138473
2507 -0.197612964205
2509 0.137124627522
2510 0.694534618069
2511 0.445879581967
2512 0.890151235629
2513 -0.0796106567248
2514 0.676815712718
2515 1.30988075614
2516 1.85357055668
2517 -0.271411484228
2518 -0.618238701971
2519 0.671442596625
2520 -0.239764696388
2521 0.460882125242
2522 0.596533393642
2523 -0.391459834482
2524 -0.472301038012
2525 0.059364785305
2526 -0.701778543427
2527 -0.970011944954
2528 -1.04785586036
2529 -1.34593716737
2530 -0.708698822224
2531 -0.77553516103
2532 -0.765316237718
2533 -0.841738828601
2535 0.165170228522
2536 1.43576029465
2537 -1.0221721252
2538 3.06302531919
2539 -0.77403621749
2540 -0.383943375582
2541 -1.17408917557
2542 -1.21025764073
2543 -0.743278314355
2544 0.169609293564
2545 2.68487954202
2546 -0.56536033833
2548 0.922162175567
2549 -0.946013464463
2550 0.355170134126
2551 0.265796362802
2552 0.625861433961
2553 0.309569059847
2554 0.319921158564
2555 0.413417536516
2557 2.2993069352
2558 -0.169169871566
2559 1.12220072065
2560 -0.169403998444
2561 -0.204874442371
2562 -0.108793350479
2565 -0.412011909871
2566 0.444653168094
2567 -0.622478639877
2568 -0.614346872244
2569 0.605799408247
2570 0.127057567668
2571 -1.9233521719
2572 -1.10114486976
2573 0.723558305213
2574 -0.59891090745
2575 0.212197251426
2576 2.71410649484
2577 1.68332865498
2578 -0.453303534078
2579 0.43018971017
2580 -1.31445270788
2581 -0.7058315112
2582 -0.372699529711
2583 -0.215169120149
2584 2.48315812259
2585 0.720861257959
2586 -0.158049313362
2587 -0.165485771982
2589 0.275165572818
2590 0.997865163137
2592 1.68384081361
2593 -0.654966235696
2594 -0.222062785152
2596 -0.661271031292
2597 -0.0608854469373
2598 -1.10440921849
2599 -1.22179971745
2600 -0.681969403681
2602 -0.255700693516
2605 -1.37282462464
2606 -0.392231618926
2607 0.271734869372
2608 1.25779349256
2609 0.226625632648
2610 1.16609524845
2611 0.228328211465
2612 0.515184469366
2613 -0.354989863267
2614 0.337171759108
2615 -0.71060775395
2616 -0.780783961368
2617 -1.05693269648
2618 -0.297057349553
2620 -0.0205209302974
2621 0.239586615812
2622 -0.727675409741
2623 6.61512944558
2624 0.134933638362
2625 -0.727536498462
2626 0.717433306854
2627 0.367639370057
2628 -1.80468387923
2629 -0.475738957225
2630 0.922281527633
2631 -0.226454002035
2632 1.02770779478
2633 0.125075605201
2634 0.347506171675
2635 0.190313021924
2636 1.85564027598
2637 0.166265636032
2638 -0.147274630774
2639 0.210493552259
2640 -1.18697101939
2641 -1.00706341085
2642 -0.657584224109
2643 -0.0393288582688
2644 0.00750894583978
2645 0.257533737334
2646 0.674092327607
2647 0.551558009928
2648 -0.131117976934
2649 0.255598594231
2650 0.375105333074
2651 0.304973989474
2652 0.981630054139
2653 0.753535522196
2654 0.255405764991
2655 1.9508019092
2656 0.921510071773
2657 -0.945012250207
2658 0.251791257553
2659 0.0399570581603
2660 0.224905389597
2661 0.200759135616
2662 -0.952662798928
2663 1.14902286933
2664 -0.587303303216
2665 0.403305234989
2666 0.231367048245
2667 1.56769650612
2668 0.0302234524132
2669 -0.407778580747
2670 -0.49770900827
2671 -0.866499896192
2672 -1.29551355386
2673 3.47961319449
2674 -0.165682721688
2675 1.04370263753
2676 -1.01522827068
2677 -0.131596183561
2678 -0.108403095497
2679 0.711151700262
2681 -0.262385953864
2682 0.345720602731
2683 -1.59623961758
2685 0.527045057521
2686 -0.948813200218
2687 -0.956436930987
2688 -1.2556419882
2689 0.176518791388
2690 -0.594314204182
2691 0.089600740746
2692 -1.25134888083
2693 -0.586821350852
2694 -1.30894057272
2695 0.519288456477
2696 -0.339840040391
2697 0.951985179903
2699 -1.11959604495
2700 -1.43873027048
2701 -1.07679848942
2702 -0.836385628742
2704 1.37031648558
2705 4.49177670664
2706 -1.61895734381
2707 -1.289060449
2708 0.643793010802
2709 -0.937467136881
2710 -1.20013243575
2711 1.1855042676
2712 -1.19012676786
2713 -0.487914782057
2714 -0.753400596811
2715 1.67348001917
2716 -1.54136418715
2717 -0.580153871306
2718 -0.652123066229
2719 -0.358017981336
2720 -0.401666463236
2721 -0.0868811630243
2722 -0.970985964517
2723 -1.18164534219
2724 -0.946358116931
2725 0.0552400762282
2726 0.283268898536
2727 0.870254773247
2728 -0.661406141199
2729 0.274010287035
2730 0.134166783884
2731 0.365248098993
2732 0.645967343748
2733 0.608956286366
2734 -0.891593162921
2735 -0.792538715111
2736 -0.416334235905
2737 -0.075371685198
2738 0.965538781461
2739 -0.533620180074
2740 2.14889555225
2741 -0.125129282891
2743 0.466634231371
2744 0.333955829844
2745 -0.501238383089
2746 -0.627645431135
2747 -0.248598174665
2748 -0.398848226475
2749 0.355633984277
2750 -0.147172835465
2751 -0.702671972891
2752 -0.121726483137
2753 0.123188999357
2754 1.92115367165
2755 0.462972767362
2756 -0.707399647063
2757 0.265072333019
2758 1.31873875819
2759 -0.585244931751
2760 -0.527961734273
2761 -1.29916624787
2762 -1.74945531503
2763 -1.53811127982
2764 -0.477044324664
2765 1.62623253624
2766 0.509070741061
2767 0.306423004931
2768 1.9128653134
2769 0.615226596045
2770 -1.13013538031
2771 -0.909403117768
2772 -0.961772571861
2773 1.99927947902
2774 0.201486792539
2775 -0.0298561300982
2776 1.25912253698
2777 0.648293812453
2778 0.099177316358
2779 -0.404363642762
2780 0.767535671306
2781 1.02952264939
2782 0.600985662809
2783 1.95003085119
2784 0.923044798217
2785 0.986055454335
2786 0.330935004285
2787 -0.0744719780375
2788 -0.903107908145
2789 0.178134260701
2790 0.568558403589
2791 -1.44143041462
2792 -0.971859732979
2793 -0.0877668251243
2794 -0.623714361818
2795 -1.15898071102
2796 -0.605008396341
2797 -1.26965257703
2798 0.163258421776
2799 0.309440688862
2800 -0.609925621074
2801 0.653356573321
2802 -0.64786584315
2803 -0.766880795584
2804 -1.47181717506
2805 -0.774261248754
2806 -0.196834604789
2807 0.794936957121
2808 -0.594705013626
2809 0.0251015464416
2810 -0.710510229278
2811 1.43935036902
2812 -0.476861983025
2813 0.264778496514
2815 -0.673487664763
2816 -0.395691085729
2817 -1.02456813862
2819 -0.568727803561
2820 -0.173192742698
2821 4.06348351831
2822 -0.769869466512
2823 0.190648173349
2824 1.55542334903
2825 2.4818792597
2826 -1.15959374468
2827 -0.973005956679
2828 0.565165428504
2829 -0.0301618634242
2830 1.44656221635
2831 -0.23150968733
2833 0.679701987873
2834 0.0129645226285
2835 0.183475031592
2836 -0.718074181643
2837 0.681183646676
2839 1.4121840373
2840 -1.05533769549
2841 -1.15085401783
2842 -0.516608512458
2843 0.599091239103
2844 0.103066666584
2846 -0.432158941836
2847 1.01796709666
2848 0.168333146155
2849 0.571209299883
2850 2.58014152726
2851 0.10070547843
2852 -0.303250959801
2853 -0.000849769576699
2854 -0.398995864892
2855 2.86540848172
2856 -0.388011434218
2857 -0.520351081654
2858 -1.69835534334
2859 -0.289976254133
2860 -0.525043034666
2861 -1.2181896912
2862 -0.105237890569
2863 -0.540235760866
2864 1.54645697392
2865 0.834951261072
2866 0.0241512783711
2867 -0.328372732746
2868 0.676521438095
2869 1.57001725255
2870 -0.155054292108
2871 -0.850618647439
2872 -1.21770476818
2873 1.46288054086
2874 0.0851128328552
2875 -0.467404719809
2876 0.425234995648
2877 -0.456533924135
2878 0.833585447923
2879 -0.72457034798
2880 -0.695286134241
2881 -1.37461371199
2882 -1.07098015368
2883 -0.573491837369
2884 -0.277004321912
2885 0.763539330817
2886 0.206825530637
2887 -0.186346600559
2888 -0.212805223665
2889 -0.897094664521
2890 -1.11949169312
2891 -0.641972167954
2892 1.44689557819
2893 -0.142980211721
2894 1.35888511778
2895 1.52660755855
2896 1.17191933802
2897 1.18491507241
2898 0.466519642318
2899 -0.0220148763696
2900 -0.277712760558
2901 -0.430032819104
2902 0.4560746561
2903 0.201106192327
2904 1.54080003365
2905 -0.333018867645
2906 -0.881487082826
2907 -0.498653048234
2908 -0.837598298804
2909 -0.23545977595
2911 1.1244617902
2912 -0.463286984446
2913 -0.84020142864
2914 -0.0306604696451
2915 -1.00903659416
2916 -1.6893871236
2917 -0.643060618245
2918 -1.42202637273
2919 -0.255198882359
2920 0.641591418425
2921 -0.718271697783
2922 -0.792848916563
2923 0.507856538919
2924 -1.15763350607
2925 0.723555338064
2926 -0.14584710364
2927 0.589299837129
2928 -0.293703806554
2929 0.179714112374
2930 0.971019496206
2931 -0.0089811867228
2932 0.520439860977
2933 2.4600055531
2934 1.42749891962
2935 0.363354999358
2936 0.344765815196
2937 0.749337884744
2938 0.428076145748
2939 0.98001338461
2940 0.451205579507
2941 -0.166815228115
2942 -0.282106457894
2943 0.0677371624624
2944 -1.15411614967
2945 1.73923399822
2946 -0.130561618374
2947 -1.35392596914
2948 -1.27792243718
2949 -1.03028901283
2950 -0.110228898479
2951 -0.985151305784
2952 -0.286641396673
2953 -0.0739615770596
2956 0.115711326091
2959 -1.52615544625
2960 2.39465442531
2961 -0.900358203408
2962 0.378734764724
2963 0.787921010111
2964 1.33215163486
2965 -0.162689271918
2966 -0.430293048934
2967 0.595416812932
2968 -1.21516086766
2969 0.445738757462
2970 0.574341256905
2971 -0.178807012051
2972 0.169993888453
2973 -0.45621982856
2974 0.888457599387
2975 -0.812134533189
2976 -0.990765685689
2977 0.230220601615
2978 -0.579579435995
2979 -0.464952999244
2981 1.16826646573
2982 1.76315468452
2983 0.321558793181
2984 0.670172801396
2985 -1.25154602353
2986 -0.611667762882
2987 -1.37398977024
2988 0.718787024803
2989 -0.984607295809
2990 -0.849423323976
2991 -1.04264695917
2992 0.821575167124
2993 -0.977660497866
2994 2.65647986181
2995 -0.22247194761
2996 -0.198391115264
2997 -1.49542216245
2998 0.867691869924
2999 0.401837866009
3000 -1.0672811625
3002 1.20430457594
3003 0.667706924291
3004 -0.671573576893
3005 -1.35412921371
3006 -1.09900929557
3007 -0.522518869432
3008 0.519086995583
3010 1.53051311451
3011 0.416353537751
3012 0.00557748997355
3013 0.502899881576
3014 -0.0892374577993
3015 0.0986891115487
3016 -0.765765570809
3017 1.19324219816
3018 -0.267814743662
3019 -0.302313928063
3020 -0.929477079135
3021 1.53744468933
3022 -0.0529292465144
3024 0.41688312937
3025 1.22325992493
3026 -0.216614052261
3028 -0.0101908422594
3029 -0.406058037252
3030 -0.271984777334
3031 0.183181352101
3032 -0.7993903843
3033 -1.24574667411
3034 -0.797165744061
3035 -0.533350209068
3036 -0.469290343829
3037 -0.712216871457
3038 0.577846717377
3039 -1.15119606339
3040 -0.452368048262
3041 0.764895747737
3042 0.015577493525
3043 0.791631902206
3044 -0.63796348509
3045 0.602942496909
3046 -0.042558011819
3047 0.450231027184
3048 0.36202409048
3049 0.700226977198
3050 0.233435873405
3051 -0.269064990723
3052 -1.2067764349
3053 -1.12252153801
3054 -0.239723344183
3055 0.558750968413
3056 0.589096690937
3057 0.0921203990304
3058 0.539898519547
3060 -0.779795460509
3061 -0.34018369409
3062 -0.952447326662
3063 0.168040719957
3064 -0.0397214732677
3065 -0.157466767795
3066 -0.762259023497
3067 -0.0720286358387
3068 -0.567032132115
3069 0.450023308314
3070 -1.01972076364
3071 -0.484096649307
3072 -0.87594343116
3073 0.298117891565
3074 -0.481895681852
3075 0.783016129953
3076 0.142173950584
3077 0.394680461489
3078 0.00371671876772
3079 0.138611180161
3081 -1.13959018609
3082 -1.3869644004
3083 -0.22950486283
3085 0.171719525072
3086 0.0939202205141
3087 -0.831392776379
3088 -0.380693608147
3089 0.140135151621
3090 0.29902575267
3091 -0.0497253774752
3092 0.133420845619
3093 0.270517566818
3094 0.427912481188
3095 -0.509937055725
3096 0.210497476091
3097 -0.107992653133
3098 -0.983224649358
3099 0.131536273402
3100 -0.801022530314
3101 -1.04551350183
3102 -0.612654733949
3103 0.836683670731
3104 -1.15369430265
3105 -0.897823140094
3106 0.215055424829
3107 -1.24625273091
3108 -0.870461093928
3109 -0.058821065025
3110 0.993005912931
3111 -0.0536436751929
3112 0.467528939766
3113 -1.21111693378
3114 -1.66684030229
3115 0.0807237251992
3116 0.931992827852
3117 0.267299827776
3118 0.295101351414
3120 -0.289594858877
3121 0.55094145375
3122 0.846327213214
3124 -0.0943035445056
3125 0.202111919936
3126 0.978301826872
3127 0.502202400941
3128 0.705790424178
3129 -0.185596934457
3130 0.147307939526
3131 3.68485250985
3132 0.254170907727
3133 0.126214390175
3134 0.431432988477
3135 -0.114410830987
3136 0.35987217984
3137 0.23877103486
3138 -0.333946459656
3139 0.836906159647
3140 1.32657530545
3141 0.3442431471
3142 -0.309338635465
3143 0.249789642069
3144 0.111891013505
3145 -0.338312673709
3146 -0.742118121525
3147 -1.57173947758
3148 -0.976819838297
3149 0.758021570572
3150 0.790001530868
3152 -0.0398699295337
3153 -0.784157346134
3154 2.18743385814
3155 -0.850971987728
3156 -1.14627866769
3157 -0.720187281503
3158 0.632814227637
3159 -1.15679309232
3160 -1.23355460936
3161 0.844805383413
3162 0.804337393733
3163 -0.00149778107036
3164 1.92310484617
3165 0.72943716892
3167 0.377252625682
3168 -0.559744322575
3169 -0.301891672632
3171 1.10207953271
3172 -1.56008693601
3173 -1.02420049058
3174 -1.18394238857
3175 -1.52876787248
3176 -1.05031180949
3177 -0.802142770258
3178 -1.22672701967
3179 -0.757467676738
3180 -0.335579454511
3181 -0.273022083379
3182 0.168520003502
3183 0.0441000888233
3184 -1.44277026031
3185 -0.751884160381
3186 -0.736978254481
3187 0.962116056484
3188 0.557480962117
3189 -0.763285008202
3190 -0.161595346138
3192 1.41286794393
3194 0.187880686348
3196 -0.468144195303
3197 -0.595159642272
3198 -0.635959794574
3199 0.746628831757
3200 0.168547775853
3201 -0.161825774862
3203 -0.961604104767
3204 -0.26224651254
3205 1.2435157382
3206 -0.175241776237
3208 -0.865604490584
3210 -1.17824179013
3211 0.553594889903
3212 2.48315812259
3213 -0.978814808734
3214 -0.296666384391
3215 1.14229403283
3216 1.16175478919
3217 0.897226670681
3218 0.994793560436
3219 -1.06661709165
3221 1.09706876237
3222 0.612000422934
3223 0.933637405154
3224 0.722135288542
3225 -0.350052537023
3229 4.06348351831
3230 0.21496623759
3232 0.428431203059
3233 2.20897066826
3235 -0.0187433257171
3236 -0.645097355231
3238 -0.868144160419
3239 1.30679561586
3240 -0.0586803020152
3241 0.552371115906
3242 1.70704222771
3243 -0.0153017475603
3244 -0.409867185741
3245 0.285841362168
3246 -0.631209898944
3247 -0.564339878184
3248 0.108798433612
3249 -0.547700522844
3250 -0.81921824356
3251 -0.14264602449
3252 -0.895360837641
3253 -1.21228116327
3254 -0.649278170315
3255 -1.03298882597
3256 -1.48808041548
3257 -0.915366119444
3258 -0.0718526245567
3259 -0.941482178895
3260 -0.219561091775
3261 -0.725806641884
3262 -0.348607630527
3263 -0.717012983211
3264 -0.349783257347
3265 -1.09634060435
3266 -0.145883011151
3267 -0.894116246072
3268 -0.190319120652
3269 -0.764187807432
3270 -0.66162500139
3271 -0.622995576327
3272 0.112649468179
3273 -0.713998552022
3274 -0.590510668121
3275 -1.11182283422
3276 -0.896187225447
3277 1.41218321038
3280 3.80300213804
3281 0.934826952749
3282 0.751939900874
3283 0.538878998635
3284 0.444927543402
3285 -0.874330588452
3286 -0.0628455503063
3287 -0.436975020781
3288 1.74303740132
3289 0.350865110127
3292 1.77871627043
3293 0.750296103596
3294 0.854410387348
3295 2.28686962443
3296 -0.0950741375037
3298 -1.07931095811
3299 -0.0891503570221
3300 -1.38367878848
3301 -1.08064652088
3302 0.405656269756
3303 -0.338933724837
3304 0.364228053432
3306 0.722289827613
3307 -0.108533448106
3308 -0.304347192259
3309 -0.0977639996819
3310 0.257210679818
3311 1.42506991474
3313 3.25557540507
3314 -0.750145581692
3316 -1.00168557305
3317 -0.582376820719
3318 -0.191611849072
3319 0.54140888917
3320 0.662005960163
3322 2.48315812259
3323 6.56838105688
3324 -0.825734488167
3325 -0.104259496206
3326 -0.793621268681
3327 -0.443669289748
3328 -0.554789652581
3329 0.734222212614
3330 0.332801935617
3331 0.54815500068
3333 1.34026844337
3334 -0.253731807355
3335 1.46797709451
3337 4.06348351831
3338 0.0385364904649
3339 -0.510710235412
3340 0.395380881162
3341 0.412036840951
3342 -0.201557157413
3343 1.9403407015
3344 0.0486403105638
3345 0.0661437830407
3346 3.34794172561
3347 -0.378820566897
3349 0.942104811775
3350 -0.0528804650167
3351 1.74148283784
3353 0.803933454033
3354 -1.13450327237
3355 -0.739595971561
3357 0.646316607405
3358 -0.641165118165
3359 -0.534501052813
3360 -1.06372411652
3361 -1.19606419633
3362 -0.740338665539
3363 -0.918810602779
3364 0.280635895833
3365 -0.225664280726
3366 -0.933690925963
3367 0.2287549853
3368 0.186987094686
3370 0.0866573307693
3371 0.625689011307
3372 -0.403262353904
3374 1.30575220108
3375 0.836963882336
3377 3.17517657137
3378 0.213792130512
3379 0.281701898068
3380 2.55158566937
3382 6.56838105688
3384 -0.841009705096
3385 -0.0122106622896
3386 -0.833731652062
3387 -0.158799475047
3388 -0.261147102107
3389 -0.325345761859
3390 -2.22679948644
3391 0.437764658651
3392 0.160994001882
3393 0.469750533553
3394 -0.200595171554
3395 -0.02205631893
3396 -0.974749840201
3397 -0.688441220444
3398 -0.507632688128
3399 -0.337644655863
3400 0.479695434751
3401 -0.559521713971
3402 0.692356375997
3403 0.0213598713005
3404 -0.948317978081
3405 -0.194940849547
3406 -0.602037871579
3407 2.48315812259
3408 -1.27191259796
3409 -0.984901678909
3410 0.888921244581
3412 -0.312468177369
3413 -0.505040535011
3414 0.0495500816066
3415 1.5376817405
3416 0.896551337886
3417 0.0973514386813
3418 -1.01635692615
3419 1.55234440128
3420 -0.406432980414
3421 -1.43246250846
3422 -0.0252640439852
3423 0.334863625473
3424 -0.750769537447
3425 0.093571268534
3426 -0.27014401699
3427 0.228141901075
3428 -0.21160648584
3429 -0.787315494727
3430 -0.454689329243
3431 0.205673672918
3432 0.21923958332
3433 0.32906181481
3434 0.0679209102697
3435 -0.412616280881
3436 -0.077317010409
3437 -1.94731126338
3438 -1.02981353537
3439 -0.919720706931
3440 -0.840508691679
3441 -1.11082467587
3442 -0.0600889846991
3443 1.38100687162
3444 -1.01999387716
3445 0.387651349305
3446 0.911960375818
3447 -0.145006104503
3448 -1.0956018919
3449 0.973933012476
3450 -1.05460317109
3451 -0.447349599369
3452 -1.01836916894
3453 -0.018601417177
3454 -0.722053448328
3456 0.504073162741
3457 0.103012211187
3459 0.541291143381
3461 -0.452653117544
3462 -0.164040380783
3464 -1.57159006378
3465 1.78436013231
3466 -0.461831603987
3467 -0.271540248505
3468 -0.566903662796
3469 -0.440872966418
3470 0.120110566197
3471 -1.31117213294
3473 0.511750071413
3474 -1.14287100347
3475 0.340237918252
3476 -0.817967399528
3477 -0.807554727559
3478 -0.0890019456101
3479 -0.966976272433
3480 -0.306467329651
3481 -1.14970068506
3482 -0.168074329131
3483 -0.494082819085
3484 -0.946727850553
3486 1.98745352117
3487 0.0199055698483
3488 4.15269912583
3489 -1.12032932221
3490 2.35863839565
3491 0.479403261094
3492 0.946222208815
3494 -0.732384468447
3495 0.694686123978
3496 0.47454300199
3497 0.14654264599
3498 -0.381552252237
3499 -0.976838659634
3500 -0.485336109849
3501 -0.329520727629
3502 -0.239708788729
3503 -0.0961075601634
3504 -0.589299163337
3505 -0.859341697428
3506 -0.270034951921
3507 -0.413305220598
3508 -0.861256230009
3509 0.339612185086
3510 -1.35642234048
3511 -0.539610739447
3512 -0.923684686978
3513 -1.19781832661
3514 0.736308621864
3515 -0.485006835594
3516 -0.274709293116
3517 1.96073128338
3518 0.631320616194
3519 -0.946158490782
3520 0.792108956793
3521 0.149063017374
3522 1.14096714852
3523 -1.22049520605
3524 -0.5621393577
3525 -0.846586731019
3526 -1.0092169594
3527 -1.62678215041
3528 -0.376923530399
3529 -0.0148287234153
3530 -0.0526585194
3531 0.472826966706
3532 1.92860442548
3533 1.11631250981
3534 -1.02155017379
3535 -0.784986511349
3536 -0.857344929372
3537 0.520015934391
3538 -0.02055052619
3539 0.344141285886
3540 -0.253958865055
3542 3.46175917115
3543 -0.864419285876
3544 -0.220657507173
3545 -0.325033081979
3546 0.225148220992
3547 0.742919804281
3548 -0.0607149238322
3549 -0.101502926916
3550 0.132371998517
3551 -0.509235306023
3552 -1.36376980686
3553 -0.583585180628
3554 -0.315117521932
3555 -1.60021832842
3556 -0.297036580817
3557 0.125979919182
3559 1.43008346847
3562 1.06166622511
3563 -0.0250179022163
3564 -0.405171843237
3565 -0.651479447883
3566 -0.409095080782
3567 0.559192435209
3568 0.513860758699
3569 0.910957076065
3570 2.07207918429
3571 0.28497778573
3572 4.32500926728
3573 3.25557540507
3575 1.1031050981
3576 -0.673776693345
3577 0.00583855061761
3578 -1.70649319357
3579 -0.44275077873
3580 1.52401712373
3581 0.660215207708
3584 0.352058551379
3585 0.123302133631
3586 0.380137272347
3587 0.641019565955
3588 0.807551973423
3590 0.54107172262
3591 -0.703005965307
3592 -0.184725353989
3593 -1.10877108145
3594 -0.204790876489
3595 -0.256434432231
3596 -0.272928225004
3597 -0.854099731286
3598 0.187445915562
3599 0.333656757303
3600 0.500661766969
3601 0.0968221107686
3602 0.61747221384
3603 -1.13513309998
3604 0.209311703045
3605 0.903666586611
3606 0.00772672912263
3607 -0.821401273424
3608 -0.708613597172
3609 -1.79997110117
3610 1.01057968027
3611 0.102555995364
3612 -0.235246139536
3613 0.0943260132003
3614 -0.539707111978
3615 -1.14403466939
3616 0.194267988609
3617 -1.10575394547
3618 -0.397617403866
3619 -0.582183809839
3620 0.798468201182
3622 0.0847218454723
3623 -1.54296772917
3624 -1.2238672871
3625 -0.651037009565
3626 0.969221246463
3627 0.744639793354
3628 -0.0386502408864
3629 -0.0785200863032
3632 0.79896758954
3633 -0.686666450728
3634 -0.134996844959
3635 -1.19298028684
3636 5.89647418316
3637 1.22391058351
3638 -1.10991287024
3639 -1.06934858066
3640 1.41389414473
3641 2.63504830212
3642 2.16038581208
3643 -0.224309652627
3644 1.22764545327
3645 0.989491967077
3646 -0.12707336121
3647 -0.27095661526
3648 1.29831542639
3649 -0.0922787052942
3652 1.88479025637
3653 -0.271287341062
3654 -0.933255765577
3655 0.35849637045
3656 4.42870119186
3657 3.72125368933
3658 0.126089324896
3659 1.35898876916
3660 -0.0400871530599
3661 0.315455195777
3662 1.27214442245
3663 0.83343470786
3664 0.849599529793
3665 2.25370459586
3667 2.48315812259
3668 -0.311756974423
3669 -0.120580100027
3670 1.2325279701
3671 -1.13097065532
3672 0.0521873409633
3673 0.233107591345
3674 0.231659204386
3675 -0.242953409421
3676 0.113816437943
3677 0.387247820195
3678 0.38249807437
3679 0.18683352701
3680 -0.375310174369
3681 -0.555885044553
3682 -0.578673456954
3683 -0.568750159536
3684 -0.174289925493
3685 -0.357490850412
3686 -0.761287563812
3688 -0.812746844533
3689 0.429524251568
3690 0.246920748722
3691 -0.284237244405
3692 0.528836188629
3693 -0.29793030239
3694 0.449083739987
3695 -0.8568366499
3696 0.863383612132
3697 -1.33371343564
3698 -1.25237430449
3699 -0.997512771294
3700 -0.241005187324
3701 -0.853575078567
3702 -1.38011219225
3703 -1.38913634589
3704 -1.09009484146
3705 -0.433376219301
3706 -0.399727717978
3707 -0.570644481981
3708 0.110492019286
3709 0.923033644322
3710 -0.246660959791
3711 0.971936348268
3712 -0.324949349599
3713 0.307083971084
3714 0.158768006527
3715 0.0629374647534
3716 0.952930546713
3717 -1.18527057441
3718 0.381169868737
3719 0.42574149831
3720 0.522111379196
3721 2.76785017193
3723 -0.446571183541
3724 0.0983777539276
3725 0.114360745189
3726 -0.390094604646
3727 -0.19845522035
3728 0.119308277664
3729 -0.473147875249
3730 -0.259438809958
3731 0.530318532174
3732 0.61787508736
3733 -0.26980257647
3734 0.747000226132
3735 -0.534522301756
3736 0.864328610665
3737 0.494953125358
3738 0.801877929665
3739 0.826789414846
3740 -1.08873825009
3741 0.149109568431
3742 0.0801806337231
3743 0.295848773235
3744 -1.00578502316
3745 -1.20969226299
3746 0.747477943605
3747 0.397320415234
3749 1.67058460076
3751 -1.26386931343
3752 -1.32406424083
3753 -1.65044518723
3754 -0.0760505903143
3755 -1.21606921464
3756 0.108138968621
3757 1.7944367605
3758 0.0613223731539
3759 0.433637708325
3760 -0.664546429358
3761 0.0138515977584
3763 -0.961802651683
3764 -0.365942760857
3765 0.122627467009
3766 -0.224560067993
3767 0.261537970615
3768 0.296343130405
3769 -0.476433574887
3770 -0.717508739598
3771 -0.269621811315
3773 -0.0300264655715
3774 0.884166279492
3775 -0.184404376242
3776 0.102113818605
3777 1.7745378803
3778 1.78413599898
3780 0.426163776812
3781 -1.35123880778
3782 -0.701957333806
3783 -0.077321381208
3784 -0.621184146089
3785 -1.07897614831
3786 -0.245966157461
3787 0.148856354794
3788 0.305538836481
3789 0.267093053107
3790 -0.275919627402
3791 -0.589162912404
3792 0.740560925235
3793 -1.64127329753
3794 0.615160908148
3795 0.251433712647
3796 0.569998457603
3797 0.0774750217789
3798 -1.23031853812
3799 -0.817698504056
3800 3.34794172561
3801 0.00711364694137
3802 -0.75740168893
3803 2.03053397273
3804 -0.253325395225
3805 0.399566402013
3806 0.275546339378
3807 -0.354216903283
3808 0.827119276256
3809 -0.912055934653
3810 -0.23963237917
3811 -0.305341087317
3812 -0.342496822794
3813 0.732381018172
3814 -0.135411105768
3816 0.583671507148
3817 0.854550914778
3818 0.199158306561
3819 -0.334096493014
3820 0.705811919276
3821 -0.87813231014
3822 0.95049284064
3823 0.291139064257
3824 -0.778521137408
3825 -0.848222900878
3826 -0.843788973492
3827 -1.12894400898
3828 1.38463656565
3830 0.245583063989
3831 -0.36068141555
3832 1.61067615057
3833 0.872722218013
3834 0.215667750588
3835 -0.298038717209
3836 -0.970859830027
3837 0.670348148537
3838 0.932261941107
3839 0.515813981514
3840 0.946483363522
3841 -0.225028281619
3843 0.532065889825
3844 -0.521837712475
3845 1.65989020977
3846 -0.218717382634
3847 1.1218472543
3848 0.319787969297
3849 0.531623550565
3850 2.31702996637
3851 0.176676421223
3852 -0.434349792708
3853 1.23272495252
3854 1.65372525968
3855 0.992420849561
3857 -0.319945799221
3858 0.0927925343527
3859 0.435084952687
3860 -0.379008869406
3861 -0.623525630434
3862 0.323482546572
3863 -0.903061982546
3864 -0.831191228501
3865 -0.23979976033
3866 2.38104635296
3867 -0.675697085725
3868 -1.16458903832
3869 -0.837399334846
3870 0.542296353284
3871 -0.370486340361
3872 0.654711894161
3873 -0.641944999196
3874 0.653612664076
3875 3.81146274338
3877 -0.0932752200699
3878 2.3486314188
3879 -0.846778714655
3880 2.0690788637
3881 -1.64585840893
3882 -0.220716815568
3883 0.0492229610278
3884 1.25684760274
3885 0.2068418282
3886 0.355646639413
3887 0.751868653996
3888 0.537076267126
3889 -1.33778458002
3892 -0.862662886013
3893 -0.690990422977
3894 1.15185865748
3895 -0.221534065163
3896 -0.626010902923
3897 -1.14510715954
3898 -0.0622692418288
3900 0.665807873793
3901 -0.566083770059
3902 1.99985364593
3903 0.888852627813
3905 -0.0230821342403
3906 -0.0746700514657
3908 0.844691500884
3909 0.68544247675
3910 0.182999123331
3911 -0.804588995075
3912 -1.95500072914
3913 -0.216109322897
3914 0.313394479914
3915 0.311088186068
3916 -1.18082036854
3917 -0.598982489307
3918 -0.170937572245
3919 0.92002605058
3920 0.543701674298
3921 0.71896111787
3922 0.2606252354
3923 0.585440461574
3924 1.03833821581
3925 0.308651163065
3926 -0.463882772899
3927 -0.742406015192
3928 -0.440188836921
3929 -0.0803326665781
3930 -0.280020415116
3931 -1.04702808481
3932 -0.214168438996
3933 -0.133797906617
3934 1.12986064953
3935 1.2980280056
3936 0.247797322721
3937 -0.261913380993
3938 0.724519998019
3939 2.21479803797
3940 1.28267554351
3941 3.16695215287
3942 3.07832890066
3943 0.224008799368
3944 0.832494693035
3945 -0.0809720719837
3946 0.215421249516
3947 0.600017890408
3948 -1.19172860206
3949 -0.380081251655
3950 -0.0515669176642
3951 1.20214075322
3952 -0.691699587303
