1 -1.84321028967
2 -1.17034834364
3 -0.933151159847
4 -0.292724971928
5 -0.636264509838
6 -1.35208646466
7 -0.906673619375
8 0.274898941066
9 0.0237213581863
10 -1.31683300678
11 -1.41052982813
12 -0.255169222577
13 0.0422146760472
14 -0.227456224693
15 -0.198445164499
16 -1.15332612631
17 -1.27871018759
18 -0.243443696319
19 -0.805518805745
20 -0.255169222577
21 -1.57907302903
22 -0.78774892618
23 -0.107180429234
24 -1.09826717142
25 -1.37790187256
26 0.0359886925622
27 0.342195448352
28 -0.324682322489
29 -0.827421900387
30 0.222517318295
31 -0.176858306415
32 -1.64612090968
33 2.03001834668
34 -1.73744180408
35 0.256941737598
36 -1.34412729553
37 1.60062743262
38 0.824565650592
39 -1.58180804514
40 0.781825936744
41 -0.511487749005
42 -0.455254423822
43 -0.277974747887
44 -0.666887555346
45 -1.01327380113
46 -0.277974747887
47 -1.46995409552
48 -0.794269829995
49 0.847094683979
50 -1.74866076636
52 -0.86903332821
53 1.60062743262
54 0.588316022394
55 0.530648353864
56 1.52766318092
57 0.0422146760472
58 -0.962263857472
59 1.60062743262
60 -0.752340423839
61 0.284076592516
62 -1.00984809576
63 -0.0286602645841
64 0.182013997281
65 -0.185583523082
66 0.05485756675
67 2.03001834668
68 0.352435022677
69 -0.682621230077
70 -1.33471047795
71 0.0612771075377
72 0.0809447956883
73 -0.463607091608
74 -0.0769558913897
75 1.34944984974
76 -0.321211836424
77 0.704289855132
78 0.465379606629
79 -0.0451807140821
80 0.441083153663
81 -0.277974747887
82 0.108179077642
83 0.722783172993
84 1.00277898178
85 -0.374533347317
86 -0.49593512941
87 0.205996868797
88 -0.368113806529
89 -0.477282705309
90 1.7788407638
92 0.115178927739
93 0.108179077642
94 -0.334978628363
95 -1.11201214414
96 1.2998649818
97 0.544569841806
98 1.7788407638
99 0.465379606629
100 -0.11693622365
101 -0.539024733209
102 0.352435022677
103 0.722783172993
104 -1.15332612631
105 -0.802325602064
106 1.34944984974
107 -0.546327137716
108 1.68334747873
110 -1.94375330897
111 -1.52367427663
112 -1.04219554114
113 0.429283175131
114 1.40335166994
116 0.588316022394
117 0.182013997281
118 0.274898941066
119 1.2998649818
120 2.20823167787
121 0.651908232362
122 -0.374533347317
123 -0.0505910553922
124 1.25395656466
125 -0.680676235882
126 0.0422146760472
128 1.34944984974
129 1.2998649818
130 2.45940926075
131 1.17123651855
132 0.094412285704
134 2.45940926075
135 -0.140673999161
136 1.60062743262
137 1.2998649818
138 2.45940926075
140 -0.168008439586
141 -1.15332612631
144 -0.871901296954
145 -0.760956420063
146 1.09827226686
147 -0.331565505997
148 0.946423771669
149 0.503710190531
150 -1.52914543348
151 -1.02455790443
152 0.265855274723
153 -1.23411296068
154 -0.285393760421
155 0.122258777855
156 0.293392258927
157 -0.351767735679
158 -0.55354446373
159 -0.0559545533326
160 -1.03673753101
161 -1.22040887233
162 -0.949773915389
163 -1.00870197122
164 -0.789385598578
165 -1.27124648113
166 0.342195448352
167 1.89178534776
168 -0.760956420063
169 -0.0397227039526
170 -0.68649299357
171 0.0809447956883
172 -0.906673619375
173 -1.03564013455
174 0.166526187033
175 -0.452444985255
176 -0.408698804666
177 -0.168008439586
178 1.06477869693
179 0.490668021604
180 -0.897132482483
181 0.0809447956883
182 0.477894782633
183 0.802827274801
184 0.870474067729
185 -1.04110777942
186 -0.426569663421
187 0.0057641547184
188 -0.361627044197
189 1.21121685081
190 0.0359886925622
191 0.21420202375
192 2.45940926075
193 -0.443939403458
194 -0.432413859052
195 -0.270465805739
196 -1.02006889825
197 1.1336807692
198 -1.079111662
199 -0.0612720120962
200 1.34944984974
201 0.722783172993
202 0.781825936744
203 -0.402625421291
204 -0.402625421291
205 0.136665942138
206 0.158925108328
207 -0.449622747379
208 -1.1245079004
209 0.441083153663
210 0.588316022394
211 0.704289855132
212 1.25395656466
213 -0.0922524745516
214 0.824565650592
215 -0.255169222577
216 -0.748860189167
217 0.312454690417
218 -0.377718342211
219 0.973960755873
220 0.824565650592
222 -0.701742505561
223 -1.60414212018
224 -0.800722806494
225 -0.541468445026
227 -0.121757105118
228 1.2998649818
229 -0.0116871441544
230 -0.738300612882
231 -1.1330134822
232 -0.73295254966
233 -0.49330463653
234 -0.202673714313
235 -1.34345939235
236 -0.696067838622
237 -0.548742268036
238 0.741845604484
239 -0.285393760421
240 0.530648353864
241 0.802827274801
242 0.17422169149
243 1.46239443369
244 1.46239443369
245 1.40335166994
246 -1.18346415062
247 -0.931853818761
248 -0.163535639344
249 -0.558309719091
250 0.781825936744
251 1.09827226686
252 -0.769454223307
253 -1.20221188556
254 0.635387782864
255 0.293392258927
256 -0.446787593037
257 -0.0451807140821
258 -0.189900475342
259 0.0237213581863
260 -2.06912431184
261 -0.612804627076
262 -0.299970436306
263 0.824565650592
264 1.89178534776
265 -1.23011372056
266 -1.17387313348
267 -0.172449176469
268 0.417703769912
269 0.406336842879
270 0.182013997281
271 0.322210484833
272 -0.795889386845
273 -0.516586379782
274 0.920058935671
275 0.17422169149
276 -0.474571628149
277 -0.292724971928
278 0.603612605556
279 0.517032857602
280 -0.429498653002
281 -0.488009902226
282 -0.438203435233
283 1.09827226686
287 1.00277898178
288 -1.16946400353
289 -0.247376916785
290 -0.285393760421
291 0.490668021604
292 -1.19800058354
293 -1.34078055513
294 0.573388067712
295 0.802827274801
296 -1.87063055355
297 0.824565650592
298 0.946423771669
299 -0.185583523082
300 -1.17387313348
301 0.558811391828
302 0.129420477761
303 -0.850060722014
304 0.686332651664
305 -0.11207753096
306 -0.711086274593
307 -0.514042309913
308 -0.399566253878
309 0.490668021604
310 1.7788407638
312 -0.0342161775415
313 0.417703769912
314 -0.644579804384
315 -0.227456224693
316 -1.45840552939
317 -1.11491823302
318 -1.88640716245
319 -0.586156211242
320 0.741845604484
321 0.342195448352
322 -0.420669807947
324 0.722783172993
325 0.477894782633
326 0.342195448352
327 -0.754073236556
328 -0.189900475342
329 -1.38419106508
330 -0.211045194985
331 1.00277898178
332 -0.259028924423
333 -0.838089718733
334 -0.0451807140821
335 0.588316022394
336 1.06477869693
337 -1.16323802004
338 -0.455254423822
339 -1.14509674879
340 0.143997153646
341 0.761513292634
342 -0.982935377797
343 0.573388067712
344 -1.22528030091
345 -0.921376103575
346 -0.0769558913897
347 0.517032857602
348 -0.902602541357
349 -1.42592878899
350 -0.979337225518
351 -0.548742268036
352 -0.0717719268928
353 -1.19884513737
354 0.284076592516
355 -0.572389419304
356 -1.87715892704
357 -1.52016730325
358 -0.176858306415
359 1.06477869693
360 -0.11207753096
361 -0.574705235617
362 -0.503760245781
363 0.332122378568
364 -1.46117477916
365 0.248154637894
366 -0.534108198336
367 -1.49242475072
368 -1.25373081734
369 0.373436360734
370 -0.841104226591
371 -0.429498653002
372 -0.864706324757
373 -0.551148019185
374 -0.338373048594
375 1.1336807692
376 -0.740073089463
377 -1.70063739519
378 -0.172449176469
379 -0.876178507104
380 -1.5988549176
381 -0.426569663421
382 -0.583882887068
383 -0.579311057148
384 0.603612605556
385 1.46239443369
386 0.781825936744
387 0.0237213581863
388 0.05485756675
389 1.03300351962
390 0.362846698724
391 0.603612605556
392 0.894770520696
393 0.0057641547184
394 1.09827226686
397 1.34944984974
401 2.45940926075
404 2.03001834668
405 -0.402625421291
406 1.60062743262
407 -0.371331892427
408 0.239490438725
409 0.477894782633
410 -0.913399854211
411 1.2998649818
412 -0.634168128337
413 -0.519120044427
414 0.101257439798
415 -0.324682322489
416 0.108179077642
417 -0.417698674471
418 0.802827274801
419 -0.239485343284
420 -0.743602900394
421 0.074319276464
422 0.384210199985
423 -0.455254423822
424 0.21420202375
425 0.0057641547184
426 -0.577012426896
427 -0.277974747887
428 -0.563038598103
429 -0.351767735679
430 0.920058935671
431 -0.772820971498
432 -0.810277959567
433 0.490668021604
434 -1.15694882753
435 -1.00061917063
436 -0.176858306415
437 0.312454690417
438 -0.223394045269
439 2.45940926075
440 -1.3573363278
441 -1.11684807926
442 -1.11395105071
443 0.761513292634
444 0.166526187033
445 0.0359886925622
446 -0.541468445026
447 0.761513292634
448 -0.474571628149
449 0.248154637894
450 -0.474571628149
451 -0.00010773893564
452 0.635387782864
453 0.284076592516
454 -1.27049514066
455 -0.612804627076
456 0.0809447956883
457 -1.81825732317
458 0.122258777855
459 -0.185583523082
460 0.635387782864
461 0.129420477761
462 0.824565650592
463 0.503710190531
464 -0.441078058221
465 0.0057641547184
466 -1.04544741287
467 0.417703769912
468 -0.740073089463
469 0.265855274723
470 0.635387782864
471 -1.0729373902
472 0.544569841806
473 -0.219305052586
474 -1.37282413805
475 -0.66887625735
476 0.686332651664
477 -0.377718342211
478 0.920058935671
479 -0.140673999161
480 -1.99925901679
481 -0.632064628379
482 -0.314211986327
483 0.222517318295
484 0.802827274801
485 -0.961026134499
486 0.312454690417
487 0.332122378568
488 0.61929648485
489 0.05485756675
490 -0.345106594699
491 -0.429498653002
492 -0.712938234544
493 -0.640436109052
494 -0.847089588537
495 0.573388067712
496 0.651908232362
497 -1.13954912835
498 0.503710190531
499 0.477894782633
500 -1.28093187607
501 0.074319276464
502 -0.235501534426
503 1.2998649818
504 -0.321211836424
505 0.265855274723
506 -0.0451807140821
507 -0.660882854286
508 -1.03233623262
509 -1.0821758734
510 0.573388067712
511 -0.223394045269
512 -0.324682322489
513 0.284076592516
514 -0.73295254966
515 -0.895757387263
516 -0.526659449566
517 -0.794269829995
518 -0.211045194985
519 -0.399566253878
520 -0.781158649745
521 -0.0612720120962
522 0.15141616618
523 -0.0612720120962
524 -0.930553755026
525 1.00277898178
526 1.60062743262
527 -1.90746413161
528 0.274898941066
529 -1.1869153024
530 2.45940926075
531 -0.718461125292
532 -0.805518805745
533 -0.402625421291
534 -0.614974437149
535 -0.646641304264
536 0.406336842879
537 -0.414713222224
538 -0.674804342228
539 -1.38168304488
540 -0.289070211225
541 -1.7545392154
542 -0.411713312524
543 -1.15332612631
544 -0.121757105118
546 -0.740073089463
547 -0.097268535499
548 -0.15903030936
549 -0.243443696319
550 -0.321211836424
551 -1.3879341589
552 -0.99595263148
553 -1.02343869881
554 0.870474067729
555 -1.13113341963
556 -0.13599865514
557 2.45940926075
558 -0.149920143082
559 1.89178534776
560 1.60062743262
561 1.2998649818
562 -0.933151159847
563 1.1336807692
564 0.530648353864
565 0.342195448352
566 1.2998649818
567 1.25395656466
568 0.686332651664
569 0.0359886925622
570 0.946423771669
571 0.704289855132
572 2.45940926075
573 1.00277898178
574 -0.310682175396
575 -0.00592449662397
577 0.406336842879
578 2.45940926075
580 0.332122378568
581 -0.176858306415
582 2.45940926075
583 0.824565650592
585 -0.850060722014
586 -1.14693497014
587 -1.46283040636
588 -1.57678458852
589 -1.99390358285
590 -1.62102037382
591 2.45940926075
592 -1.61242231571
593 -1.97707335692
594 -1.22284937506
595 -1.42651348006
596 -0.958543244833
597 -1.41827715551
598 1.60062743262
599 -0.565389569207
600 0.781825936744
602 0.588316022394
603 0.373436360734
605 -0.469113618019
606 0.0809447956883
607 2.45940926075
608 -1.96125391185
609 0.284076592516
610 -1.09228180947
611 -0.441078058221
612 0.182013997281
613 0.158925108328
614 1.52766318092
615 0.284076592516
616 -0.597399353653
617 1.1336807692
618 1.52766318092
619 0.741845604484
621 0.573388067712
623 2.20823167787
626 1.06477869693
627 -0.0820968349385
628 -0.942157260311
630 1.68334747873
631 0.21420202375
632 1.2998649818
633 1.03300351962
634 2.20823167787
635 0.197898973847
637 -0.172449176469
638 1.06477869693
639 0.189905570783
640 0.248154637894
643 2.20823167787
645 1.03300351962
647 -0.883242211259
648 -1.65264610647
649 1.17123651855
650 0.108179077642
652 1.52766318092
653 -1.08623805283
656 0.61929648485
657 2.45940926075
659 0.894770520696
660 2.45940926075
661 -0.991250672342
662 -0.11693622365
663 -0.565389569207
664 1.60062743262
665 0.686332651664
666 2.20823167787
667 0.503710190531
668 0.503710190531
669 0.946423771669
670 0.395174736525
671 -0.903962542215
672 2.45940926075
673 -1.03454079062
674 -0.800722806494
678 -0.65684713876
679 2.45940926075
680 0.312454690417
681 1.21121685081
682 2.03001834668
685 0.781825936744
687 2.20823167787
688 -0.432413859052
690 2.45940926075
691 -0.0820968349385
692 -0.00010773893564
694 -0.176858306415
695 -0.149920143082
696 2.03001834668
697 0.136665942138
698 1.89178534776
700 -0.19418755226
702 0.847094683979
703 1.46239443369
704 0.573388067712
705 0.668881352792
706 2.45940926075
707 -0.590677984182
708 -1.15059512934
709 -0.189900475342
710 0.453112272253
711 0.332122378568
712 2.45940926075
714 -0.227456224693
715 0.441083153663
716 0.824565650592
718 0.722783172993
719 -0.503760245781
720 -0.879013661445
722 0.847094683979
724 -0.847089588537
725 0.094412285704
726 1.52766318092
728 -0.443939403458
729 2.20823167787
731 0.503710190531
732 1.7788407638
733 -1.57172006268
734 2.20823167787
735 0.0298246601891
736 -1.45506600571
737 -0.644579804384
741 -0.672834610386
742 -0.307132136212
743 -0.00592449662397
744 2.20823167787
745 -1.13019124432
746 0.761513292634
747 0.406336842879
748 -0.848576936532
749 2.03001834668
750 -1.58407803721
751 1.21121685081
753 0.741845604484
754 1.2998649818
755 1.52766318092
756 2.03001834668
757 2.03001834668
759 0.362846698724
760 0.722783172993
761 -0.0922524745516
762 -0.640436109052
764 0.222517318295
765 -0.296358296962
766 0.0359886925622
767 0.920058935671
769 1.34944984974
771 1.09827226686
775 1.52766318092
776 2.03001834668
778 -1.21302914074
779 0.441083153663
780 -1.72996737672
781 0.0176776015426
782 -0.19418755226
783 -0.807109256278
784 -0.799115853213
785 -1.22447105175
786 -0.909372883526
787 2.20823167787
788 -1.3573363278
789 2.45940926075
791 2.45940926075
793 1.46239443369
796 2.20823167787
798 -0.40566955588
799 -0.718461125292
800 -1.10419525629
801 -0.0820968349385
802 -0.86325724774
803 0.384210199985
804 -0.488009902226
805 -0.729361350372
806 0.352435022677
807 1.25395656466
808 0.558811391828
809 0.0057641547184
810 -0.0769558913897
811 1.52766318092
813 0.503710190531
815 1.7788407638
818 -0.358358012113
820 2.03001834668
821 2.45940926075
823 2.03001834668
824 0.824565650592
827 2.45940926075
828 0.417703769912
829 -0.131287756831
830 -0.634168128337
831 1.03300351962
832 -1.03564013455
833 0.189905570783
834 2.03001834668
835 0.0176776015426
836 -0.498554499665
837 -0.446787593037
838 -0.962263857472
839 -0.149920143082
840 0.465379606629
841 0.894770520696
842 -0.219305052586
844 1.68334747873
846 0.635387782864
847 1.68334747873
848 -0.239485343284
849 -0.974506946525
850 0.781825936744
851 -0.11207753096
852 -1.08926730161
853 2.20823167787
854 1.60062743262
858 -1.88529348998
860 1.46239443369
861 -0.586156211242
862 0.761513292634
863 1.46239443369
864 1.34944984974
866 -1.04436535122
867 0.920058935671
869 0.573388067712
870 0.477894782633
874 1.60062743262
875 0.544569841806
876 1.00277898178
877 0.920058935671
879 -0.498554499665
880 -0.6922556411
881 0.197898973847
882 0.362846698724
884 2.45940926075
885 0.558811391828
886 0.0116922395959
887 2.45940926075
888 0.490668021604
889 2.45940926075
891 -0.338373048594
892 -0.223394045269
893 0.265855274723
895 2.45940926075
896 0.453112272253
897 0.0485038685667
898 -1.05510184426
899 -1.21302914074
900 -0.727557913459
901 -0.307132136212
902 -1.14785203936
903 -1.32858033306
904 -1.42064158641
905 -0.781158649745
906 -0.351767735679
907 0.0057641547184
908 -1.56005342516
909 -0.848576936532
910 -1.2764805026
911 -0.65684713876
912 -1.70773004435
913 -1.41649789108
914 -1.11006714995
915 -0.766069077493
916 -0.860348884922
917 0.197898973847
918 -0.358358012113
919 -1.72565543257
920 -1.48022046455
921 -0.648695966653
922 -0.922695550597
923 -1.45840552939
924 -1.72493384816
925 1.34944984974
926 -0.827421900387
927 0.143997153646
928 -0.800722806494
929 0.0809447956883
930 -0.888835749418
931 -0.411713312524
932 -0.358358012113
933 -0.886045293609
934 -0.652784959336
935 0.248154637894
936 -0.13599865514
937 0.544569841806
938 -0.351767735679
939 1.40335166994
940 -0.78774892618
941 0.0057641547184
942 -0.627836078566
943 -0.296358296962
944 0.05485756675
945 -0.534108198336
946 -0.259028924423
947 -0.355071637603
948 -0.126540759332
949 -0.438203435233
950 -0.627836078566
951 -0.818129524017
952 -0.577012426896
953 -1.19461080686
954 -0.795889386845
955 -0.842605997368
956 0.603612605556
957 0.651908232362
958 1.2998649818
959 0.373436360734
960 1.03300351962
961 0.946423771669
962 1.40335166994
963 0.417703769912
964 0.453112272253
965 -0.539024733209
966 1.7788407638
967 0.946423771669
968 -1.18259835014
969 -1.42475774868
970 0.651908232362
971 -0.581601189673
972 1.7788407638
973 0.158925108328
974 1.17123651855
975 2.45940926075
976 0.395174736525
977 2.45940926075
978 0.0359886925622
980 1.89178534776
981 2.03001834668
982 0.166526187033
984 0.722783172993
985 2.03001834668
986 -0.485345467399
987 0.603612605556
988 0.265855274723
990 0.417703769912
991 -0.292724971928
992 1.03300351962
993 1.52766318092
994 -0.895757387263
996 -0.546327137716
997 0.824565650592
998 0.0809447956883
999 -0.614974437149
1000 1.03300351962
1002 1.60062743262
1003 -0.0820968349385
1004 0.0298246601891
1005 -0.181236276173
1006 0.189905570783
1007 -0.485345467399
1008 0.05485756675
1009 -0.625710930196
1010 -0.511487749005
1011 -0.149920143082
1012 -0.646641304264
1013 -0.551148019185
1014 -0.154491973001
1015 -0.490662926163
1016 -0.239485343284
1017 -0.592926553411
1018 -0.0922524745516
1019 -1.04760588245
1020 -0.810277959567
1021 -0.524156496091
1022 -1.04975685733
1023 -0.455254423822
1024 -0.107180429234
1025 -0.629953961457
1026 1.60062743262
1027 -0.729361350372
1028 -1.39719412418
1029 -1.04001810431
1030 -0.690340708687
1031 -0.682621230077
1032 -0.991250672342
1033 -0.617136673697
1034 -0.289070211225
1035 -1.31263312533
1036 -1.70661553705
1037 -1.08926730161
1038 1.40335166994
1039 2.20823167787
1040 1.89178534776
1041 -0.927945413731
1042 -0.994780483273
1043 -0.0116871441544
1044 0.686332651664
1046 0.101257439798
1047 -0.873330317524
1049 -0.897132482483
1050 -0.198445164499
1051 0.0485038685667
1053 0.686332651664
1054 0.166526187033
1055 1.06477869693
1056 0.465379606629
1057 -0.588421223427
1058 1.40335166994
1059 -0.934445789665
1060 -1.24124716784
1061 -0.781158649745
1062 2.45940926075
1063 0.870474067729
1064 -0.420669807947
1066 -0.310682175396
1067 0.946423771669
1068 0.686332651664
1069 -0.0230540711881
1070 2.45940926075
1071 1.89178534776
1073 -1.55911053283
1076 0.946423771669
1077 -1.20722794651
1078 -0.777837032445
1079 -1.56521383483
1080 -1.34279076828
1081 -0.873330317524
1082 -0.231491940219
1083 -0.270465805739
1084 -1.15694882753
1085 -0.131287756831
1086 -0.789385598578
1087 1.09827226686
1088 -1.15785120225
1089 -1.53309432425
1090 -1.47321452485
1091 -0.779500067383
1092 -1.21302914074
1093 -1.15150680006
1094 -1.51815436844
1095 -1.04328139618
1096 -0.729361350372
1097 -1.89798141639
1098 1.89178534776
1099 -0.374533347317
1100 -0.853017673415
1101 -1.39658108094
1102 2.03001834668
1103 -0.825882818496
1104 -0.939597421369
1105 0.573388067712
1107 2.20823167787
1111 0.074319276464
1112 0.686332651664
1113 0.465379606629
1114 0.761513292634
1116 1.1336807692
1117 1.34944984974
1119 0.704289855132
1120 -0.903962542215
1121 1.2998649818
1123 0.722783172993
1124 -0.830488640028
1125 -0.799115853213
1126 -0.67872511571
1127 -1.72457274052
1128 -0.292724971928
1129 -1.31403625196
1130 -0.482669523099
1131 -0.441078058221
1132 -0.452444985255
1133 2.45940926075
1134 2.45940926075
1135 -0.833540272516
1136 -1.68118766757
1138 1.68334747873
1139 2.45940926075
1142 2.45940926075
1144 1.17123651855
1145 2.45940926075
1147 -0.595166990364
1148 -1.31263312533
1149 2.03001834668
1150 -0.247376916785
1151 0.761513292634
1152 0.802827274801
1153 1.25395656466
1154 1.21121685081
1160 1.7788407638
1161 0.074319276464
1162 0.0612771075377
1163 1.06477869693
1164 1.89178534776
1167 0.074319276464
1168 1.09827226686
1169 0.668881352792
1170 1.1336807692
1171 -0.845598660881
1172 -1.08926730161
1173 -0.387176238019
1174 1.89178534776
1175 -0.771139884598
1176 -0.121757105118
1177 -0.202673714313
1178 -0.479981969459
1179 -1.31473662528
1180 0.465379606629
1181 1.46239443369
1183 -1.38356501132
1184 0.094412285704
1185 -0.899873549532
1186 -1.0334394923
1187 -0.202673714313
1188 -1.14785203936
1189 -0.577012426896
1190 -0.13599865514
1191 -0.420669807947
1192 0.0057641547184
1193 -1.7281743794
1194 -0.429498653002
1196 -2.06891716248
1197 -1.9112169436
1198 -1.96150037302
1199 -1.3340323387
1200 -1.76138436949
1201 -1.26898972037
1202 0.239490438725
1203 -1.09027376835
1204 -1.27573548731
1205 -0.482669523099
1206 -1.51815436844
1207 -1.34412729553
1208 -1.49084645651
1209 -0.303561635594
1210 -2.04634208649
1211 -0.511487749005
1212 -0.935737719523
1213 -1.70325993373
1214 -1.82719747541
1215 -1.35537283917
1216 0.122258777855
1217 -0.752340423839
1218 -0.516586379782
1219 -1.53505936997
1220 -1.57218218888
1221 -1.71620863149
1222 -1.53062921896
1223 -0.92663711305
1224 -0.861804773119
1225 -1.59083852783
1226 -0.469113618019
1227 -0.508922610175
1228 -1.14876775297
1230 -1.56894004241
1231 -1.21220371738
1232 0.441083153663
1233 -1.39103621917
1234 -1.4200513242
1235 -1.16680338322
1236 0.101257439798
1237 -0.642511421353
1238 -0.741840509042
1240 -1.84944223827
1241 0.256941737598
1242 -1.45618118179
1243 -0.694164672326
1244 -1.18519212982
1245 -0.754073236556
1246 -1.29337312402
1247 -1.53407762627
1248 -0.978133182102
1249 -1.19800058354
1250 -1.35076701764
1251 -0.474571628149
1252 -1.49556932673
1253 -1.03012380119
1254 -0.899873549532
1255 0.417703769912
1256 -1.06774473497
1257 -0.925326043476
1258 -1.44209507825
1259 -1.7493552509
1260 -0.660882854286
1261 -1.01781213749
1262 -1.16591396435
1263 -1.16946400353
1264 -0.548742268036
1265 -1.90043372717
1266 -1.38855581489
1267 -1.22447105175
1268 -0.67872511571
1269 -1.14417558855
1270 -1.97827366759
1271 -1.06670096026
1272 -1.11877193218
1273 -0.198445164499
1274 -0.898504532086
1275 -1.20472499304
1276 -1.34546094544
1277 -0.762665331885
1278 -1.49973741742
1279 -0.374533347317
1280 -0.595166990364
1281 -0.441078058221
1282 -1.35406038075
1283 -0.827421900387
1284 -1.00984809576
1285 -1.25450275531
1286 -0.612804627076
1287 -1.17299381446
1288 -1.45951471526
1289 -0.334978628363
1290 -0.479981969459
1291 -1.69232210065
1292 -1.06460811995
1293 -1.14325305653
1294 -1.44889639241
1295 -0.570064913228
1296 -1.0312310046
1297 -0.884645337889
1298 -0.802325602064
1299 -1.19715487673
1300 -0.703622568134
1301 -0.779500067383
1302 -1.22689563466
1303 -0.664892448493
1304 -1.60720561
1305 -0.0820968349385
1306 -0.154491973001
1307 -1.6690597877
1310 0.558811391828
1311 1.68334747873
1312 0.802827274801
1313 1.2998649818
1315 2.20823167787
1317 0.603612605556
1320 -1.34212142176
1321 -1.01894154554
1322 0.741845604484
1323 0.558811391828
1324 0.973960755873
1325 0.946423771669
1326 0.395174736525
1327 -0.748860189167
1328 0.894770520696
1329 0.668881352792
1330 -0.0559545533326
1331 0.465379606629
1332 0.0237213581863
1333 -1.19800058354
1334 -0.718461125292
1335 1.00277898178
1336 0.406336842879
1337 0.312454690417
1339 -1.14417558855
1340 -0.441078058221
1341 0.429283175131
1342 -0.560678670897
1343 -1.15785120225
1344 -0.759242780956
1345 -1.03892650906
1346 -0.307132136212
1347 -0.897132482483
1348 -0.501162840959
1349 1.25395656466
1350 -0.836576945961
1351 0.686332651664
1352 0.074319276464
1353 -0.355071637603
1354 -0.572389419304
1355 0.197898973847
1356 -1.55769349796
1357 -1.01781213749
1358 -1.4913730015
1359 -0.458051178651
1360 2.45940926075
1361 -0.251285321815
1362 0.0359886925622
1363 -0.0342161775415
1364 2.45940926075
1365 0.373436360734
1366 -0.0116871441544
1367 -0.764369542429
1369 1.89178534776
1370 -1.46886346119
1371 -1.24595806615
1372 -1.39103621917
1373 -1.0872494492
1374 -1.6197382482
1375 -1.34345939235
1376 -1.46393170468
1377 -1.40932928485
1378 -1.0334394923
1379 -0.772820971498
1380 -1.26521008606
1381 -0.650743836757
1382 -0.11207753096
1383 1.40335166994
1384 1.7788407638
1385 -0.910718117805
1387 -1.71803654708
1388 -0.774497508765
1389 -0.423626759348
1390 -0.0820968349385
1391 -1.4346417335
1392 -0.449622747379
1393 -1.57770097943
1394 -1.61371965679
1395 -0.634168128337
1396 -1.44437048996
1397 0.322210484833
1398 0.322210484833
1399 0.0116922395959
1401 -0.262864727034
1404 0.205996868797
1405 -0.929250957191
1406 0.920058935671
1407 -1.31543620768
1408 -1.37473316927
1409 -0.810277959567
1410 0.101257439798
1411 -0.794269829995
1412 1.03300351962
1413 0.465379606629
1414 -0.285393760421
1415 0.668881352792
1416 -0.606249220482
1417 0.558811391828
1419 -0.154491973001
1420 1.68334747873
1421 0.973960755873
1422 -0.604048578231
1423 1.25395656466
1425 -0.285393760421
1426 0.946423771669
1427 0.453112272253
1428 0.441083153663
1429 -0.638353820899
1431 -0.485345467399
1432 0.0359886925622
1433 1.89178534776
1434 2.45940926075
1436 1.52766318092
1437 1.00277898178
1438 -0.68649299357
1439 0.517032857602
1440 0.166526187033
1441 -0.937026960659
1442 0.248154637894
1444 1.60062743262
1445 -0.239485343284
1446 -0.358358012113
1447 0.477894782633
1449 -0.912060437165
1450 1.25395656466
1453 -0.206873595771
1454 0.158925108328
1455 0.973960755873
1456 0.312454690417
1457 -0.570064913228
1458 0.920058935671
1459 -0.791017958264
1460 0.074319276464
1461 -0.441078058221
1463 0.704289855132
1464 -0.19418755226
1465 -0.107180429234
1466 -1.18605431527
1468 -0.189900475342
1471 1.89178534776
1472 0.490668021604
1473 0.603612605556
1474 -0.198445164499
1475 0.166526187033
1476 -0.959785933599
1477 0.847094683979
1479 -1.03454079062
1480 -0.56773165193
1482 0.322210484833
1483 -0.176858306415
1484 -0.097268535499
1485 -1.1386196756
1486 1.68334747873
1487 -0.262864727034
1488 -0.619291389408
1489 0.651908232362
1490 0.870474067729
1493 1.1336807692
1494 1.06477869693
1495 0.544569841806
1496 0.894770520696
1497 0.490668021604
1498 -0.131287756831
1499 -0.821242496107
1500 -1.46940901837
1501 1.09827226686
1502 1.2998649818
1503 -0.19418755226
1504 1.17123651855
1507 0.573388067712
1508 0.668881352792
1509 1.00277898178
1510 2.45940926075
1511 0.920058935671
1513 -1.21631987965
1514 1.68334747873
1515 -0.331565505997
1516 0.441083153663
1517 -1.50593743724
1518 -0.747112712289
1519 1.7788407638
1520 1.21121685081
1522 1.68334747873
1523 0.384210199985
1525 0.544569841806
1526 0.115178927739
1527 -1.58859321859
1528 2.45940926075
1529 0.761513292634
1531 1.40335166994
1532 1.7788407638
1533 0.920058935671
1534 1.7788407638
1535 0.0176776015426
1537 -0.740073089463
1538 1.7788407638
1539 1.40335166994
1541 -0.506346805456
1542 -0.501162840959
1543 1.68334747873
1544 -1.5311230254
1545 0.230945749567
1546 0.477894782633
1547 0.651908232362
1548 2.45940926075
1549 1.06477869693
1550 0.248154637894
1551 0.668881352792
1552 -1.36124473283
1553 2.03001834668
1554 -0.163535639344
1555 2.45940926075
1556 -0.769454223307
1558 2.45940926075
1561 2.03001834668
1562 -1.08013475082
1563 0.603612605556
1564 0.668881352792
1565 1.1336807692
1566 -0.921376103575
1567 1.52766318092
1569 -1.2674806328
1570 0.946423771669
1571 0.530648353864
1572 0.870474067729
1573 -1.60807811738
1574 1.21121685081
1575 1.25395656466
1580 -1.96738621437
1581 0.362846698724
1582 0.352435022677
1583 0.847094683979
1584 -1.59083852783
1585 0.824565650592
1586 -1.02790343988
1587 -1.04436535122
1588 -0.621438636419
1589 -0.951034302685
1590 -0.958543244833
1591 -0.929250957191
1592 -0.0342161775415
1593 -0.262864727034
1594 -0.658868282942
1595 0.302850154735
1596 0.741845604484
1597 -1.26064387269
1598 -0.0286602645841
1599 0.284076592516
1600 0.143997153646
1601 0.21420202375
1602 0.558811391828
1603 -0.736523050279
1604 0.302850154735
1605 0.115178927739
1606 -0.0173966789706
1608 -1.43579425503
1609 0.406336842879
1610 -1.7013878255
1611 -0.49593512941
1612 0.406336842879
1613 0.781825936744
1614 -0.864706324757
1615 -0.471848634128
1616 -0.815000829779
1617 -1.90314717935
1619 -0.760956420063
1620 -0.815000829779
1621 0.136665942138
1622 1.89178534776
1623 -0.11693622365
1624 0.465379606629
1625 -1.31263312533
1626 0.166526187033
1627 -0.531635220432
1629 -0.0173966789706
1631 0.477894782633
1632 1.03300351962
1633 -0.570064913228
1635 -0.969638708171
1636 1.89178534776
1639 -1.36898833544
1640 0.143997153646
1641 -1.50284518385
1642 0.222517318295
1643 -0.56773165193
1644 -0.929250957191
1645 -1.27199691143
1646 0.115178927739
1647 0.101257439798
1648 -0.374533347317
1649 -0.358358012113
1650 0.465379606629
1651 1.1336807692
1652 2.03001834668
1653 -1.4363697127
1654 0.122258777855
1655 0.197898973847
1656 1.25395656466
1657 1.03300351962
1658 -0.0559545533326
1659 1.68334747873
1660 -0.324682322489
1661 0.115178927739
1662 1.03300351962
1663 -1.20388842283
1664 1.89178534776
1665 -0.393402221504
1666 1.03300351962
1667 -0.0397227039526
1668 0.61929648485
1669 0.651908232362
1670 0.158925108328
1671 0.973960755873
1672 -0.68649299357
1673 -1.46503104862
1674 -1.41827715551
1675 1.40335166994
1676 -1.48396033016
1677 0.651908232362
1678 -0.927945413731
1679 0.920058935671
1680 -0.914736381466
1681 -0.14531432155
1682 -1.39350673149
1683 -0.446787593037
1684 0.373436360734
1685 1.7788407638
1686 -0.0173966789706
1687 -0.716625627231
1688 -0.652784959336
1689 -0.5365713433
1690 -1.23570545549
1692 1.03300351962
1693 -0.741840509042
1694 -0.924012193265
1695 0.741845604484
1696 0.824565650592
1699 -0.235501534426
1701 -0.610627190239
1702 -0.648695966653
1703 0.332122378568
1704 -1.6611074302
1707 -0.231491940219
1711 -1.10222552445
1713 -0.482669523099
1715 1.2998649818
1717 -0.902602541357
1718 1.68334747873
1719 -0.792646027906
1720 1.68334747873
1721 -1.66030655078
1722 -1.29842424228
1725 0.946423771669
1726 -0.15903030936
1727 -0.423626759348
1728 0.973960755873
1729 -1.19034733413
1730 -0.314211986327
1731 0.312454690417
1732 -1.44776801297
1733 0.158925108328
1734 -0.39649190443
1735 -0.563038598103
1739 0.503710190531
1741 1.89178534776
1743 1.40335166994
1744 0.197898973847
1746 0.406336842879
1747 -1.32994783945
1748 -1.30698862028
1749 1.46239443369
1750 0.322210484833
1752 -0.411713312524
1753 -0.387176238019
1754 -0.803924261383
1755 0.781825936744
1756 0.453112272253
1758 0.0359886925622
1759 0.453112272253
1760 -0.361627044197
1762 -0.471848634128
1767 0.870474067729
1769 -0.682621230077
1770 1.06477869693
1771 0.503710190531
1772 -0.479981969459
1773 2.45940926075
1777 -1.3313123337
1779 -1.00984809576
1780 1.60062743262
1782 1.60062743262
1783 -0.452444985255
1784 -1.60938457862
1785 -0.328133474269
1787 2.45940926075
1788 0.094412285704
1791 0.429283175131
1792 -0.892998005675
1793 1.2998649818
1794 -0.219305052586
1795 2.45940926075
1796 1.89178534776
1797 -0.281695360526
1798 0.573388067712
1799 -0.432413859052
1801 -0.808695633949
1804 -0.0717719268928
1805 -1.10024950956
1806 -0.285393760421
1807 1.1336807692
1809 0.668881352792
1810 -0.745360292047
1811 1.2998649818
1812 0.544569841806
1814 0.894770520696
1816 0.0298246601891
1817 1.34944984974
1821 -0.426569663421
1822 1.00277898178
1824 0.0116922395959
1825 0.722783172993
1826 0.603612605556
1827 0.0237213581863
1829 0.651908232362
1831 -1.13954912835
1833 -0.565389569207
1834 -0.952292130817
1835 -0.767763962661
1836 -0.149920143082
1837 0.312454690417
1839 0.265855274723
1840 -0.255169222577
1841 0.0677638698698
1842 2.45940926075
1844 0.802827274801
1845 -0.646641304264
1846 1.03300351962
1848 -0.317721798222
1849 1.68334747873
1850 1.2998649818
1851 2.45940926075
1853 1.1336807692
1854 0.490668021604
1855 -0.0116871441544
1856 0.239490438725
1857 0.920058935671
1858 -0.299970436306
1859 0.741845604484
1860 0.544569841806
1861 2.20823167787
1862 -0.387176238019
1863 -0.181236276173
1864 1.40335166994
1865 0.417703769912
1866 -0.358358012113
1867 0.635387782864
1868 2.45940926075
1869 0.453112272253
1870 0.239490438725
1871 2.03001834668
1872 1.46239443369
1873 -0.55354446373
1874 0.847094683979
1875 -0.270465805739
1876 -1.32169714955
1877 2.03001834668
1878 1.40335166994
1879 0.973960755873
1880 0.870474067729
1881 0.274898941066
1882 -0.959785933599
1883 -1.13675657602
1884 -0.640436109052
1885 -1.0821758734
1886 2.03001834668
1887 0.352435022677
1888 -0.802325602064
1889 0.477894782633
1890 1.68334747873
1891 1.52766318092
1892 -0.824339903272
1893 1.00277898178
1894 -0.924012193265
1895 -0.65684713876
1896 0.503710190531
1897 -0.140673999161
1898 1.25395656466
1899 1.46239443369
1900 0.342195448352
1901 1.89178534776
1902 0.781825936744
1903 1.7788407638
1904 -0.0397227039526
1905 2.45940926075
1906 0.741845604484
1907 -0.948510958494
1909 -1.3879341589
1910 0.588316022394
1911 -0.993606112984
1912 -1.33063046226
1913 -0.281695360526
1914 -0.777837032445
1916 -0.747112712289
1917 -1.45506600571
1918 -1.1414038607
1919 -0.0559545533326
1920 -0.764369542429
1921 -1.0872494492
1922 0.441083153663
1923 -1.58588806083
1924 -0.529152330766
1925 0.530648353864
1926 0.741845604484
1927 -0.574705235617
1928 0.802827274801
1929 0.143997153646
1930 1.89178534776
1931 -0.466366473197
1932 0.668881352792
1933 1.00277898178
1934 0.197898973847
1935 -0.00592449662397
1936 0.158925108328
1937 0.322210484833
1938 -0.087195465715
1939 -0.49593512941
1940 0.094412285704
1941 -0.0397227039526
1942 -0.0717719268928
1943 0.342195448352
1944 -0.764369542429
1945 -0.98413013254
1946 -0.408698804666
1947 -1.221223442
1948 -0.387176238019
1949 -0.449622747379
1950 -0.736523050279
1951 -0.432413859052
1952 -1.13582292077
1953 -1.29770517064
1954 -1.46557998985
1955 -0.898504532086
1956 -0.969638708171
1957 -1.10811602978
1958 -0.997122565996
1959 -1.10024950956
1960 -1.11006714995
1961 -1.56707974029
1962 -1.12545875269
1963 -0.5365713433
1964 -0.648695966653
1965 -1.21302914074
1966 -0.387176238019
1967 -1.02455790443
1968 -1.65749529085
1969 -0.588421223427
1970 -0.574705235617
1971 -0.511487749005
1972 -0.393402221504
1973 -0.438203435233
1974 -0.67872511571
1975 -0.296358296962
1976 -0.390297051382
1977 -0.289070211225
1978 -0.0451807140821
1979 -0.0342161775415
1980 0.094412285704
1981 0.0422146760472
1982 -0.968415647276
1983 -0.377718342211
1984 0.0057641547184
1985 -0.121757105118
1986 -0.11207753096
1987 0.094412285704
1988 0.453112272253
1989 1.21121685081
1990 1.17123651855
1991 -0.503760245781
1992 -0.140673999161
1993 0.05485756675
1994 -1.24830014888
1995 -0.334978628363
1996 -0.0342161775415
1997 -1.31473662528
1998 -0.0397227039526
1999 -0.11207753096
2000 -1.69194146768
2001 -1.39719412418
2002 -1.25373081734
2003 -1.23331517545
2004 -0.777837032445
2005 -1.18346415062
2006 -1.37979534365
2007 0.302850154735
2008 1.21121685081
2009 -0.855960577488
2010 -0.803924261383
2011 -1.48129130344
2012 -1.47591850183
2013 -1.09627846941
2014 -0.328133474269
2015 -0.791017958264
2016 -0.0173966789706
2017 -0.262864727034
2018 -1.06250818525
2019 -1.10222552445
2020 -1.23091563671
2021 -1.24360709505
2022 -0.541468445026
2023 -1.23171651613
2024 -0.206873595771
2025 -0.455254423822
2026 -0.259028924423
2027 -0.121757105118
2028 -1.99483829467
2029 0.205996868797
2031 0.651908232362
2032 0.603612605556
2033 -0.393402221504
2034 -0.634168128337
2035 0.384210199985
2036 0.0612771075377
2037 0.417703769912
2038 -0.387176238019
2040 -0.11693622365
2041 -0.19418755226
2042 -0.371331892427
2043 -0.247376916785
2044 0.441083153663
2045 0.406336842879
2046 -1.00409614968
2047 0.973960755873
2048 -0.131287756831
2049 0.651908232362
2050 0.0116922395959
2051 0.0298246601891
2052 -0.338373048594
2053 -0.792646027906
2054 -1.41768463501
2055 0.573388067712
2056 1.09827226686
2057 0.094412285704
2058 -1.25140921509
2059 -0.574705235617
2060 -0.338373048594
2061 1.68334747873
2062 0.256941737598
2063 1.60062743262
2064 -1.25063341017
2065 -0.934445789665
2066 -0.00010773893564
2067 -1.03564013455
2068 -0.11693622365
2069 -0.172449176469
2070 -0.565389569207
2071 -0.296358296962
2072 -0.650743836757
2073 0.293392258927
2074 1.00277898178
2075 0.166526187033
2076 -1.12735608998
2077 -0.231491940219
2078 -1.13675657602
2079 1.25395656466
2080 -1.29985988635
2081 -1.41172804928
2082 -0.759242780956
2083 -0.560678670897
2084 0.0809447956883
2085 -1.03673753101
2086 0.802827274801
2087 -1.06774473497
2088 -0.924012193265
2089 -0.503760245781
2090 -0.529152330766
2091 -0.348446118378
2092 -0.266676924556
2093 -0.592926553411
2094 -1.20053079866
2095 -0.0397227039526
2096 -0.974506946525
2097 -0.432413859052
2098 0.205996868797
2099 -0.455254423822
2100 -1.48396033016
2101 1.21121685081
2102 -0.384039623003
2103 0.651908232362
2104 0.429283175131
2105 -1.37154817438
2106 -0.345106594699
2107 -0.390297051382
2108 -1.27124648113
2109 -1.04544741287
2110 -0.769454223307
2111 -0.66887625735
2112 -0.73295254966
2113 0.182013997281
2114 -0.546327137716
2115 -1.46448162052
2116 -0.879013661445
2117 -0.597399353653
2118 -0.762665331885
2119 -0.202673714313
2120 -0.511487749005
2121 -0.519120044427
2122 -0.488009902226
2123 -0.438203435233
2124 -1.18173133791
2125 -0.847089588537
2126 -0.954800151014
2127 2.03001834668
2128 0.894770520696
2129 1.60062743262
2130 -0.652784959336
2131 0.781825936744
2132 -0.638353820899
2133 -1.00984809576
2134 -0.973293468874
2135 -0.501162840959
2136 -0.458051178651
2137 -0.957298058198
2138 -0.654819378709
2139 -0.772820971498
2140 -1.17825110323
2141 -0.828957167944
2142 -0.39649190443
2143 -0.748860189167
2144 -1.18605431527
2145 -1.16323802004
2146 -0.743602900394
2147 -0.482669523099
2148 -0.277974747887
2149 0.0176776015426
2150 -1.16502326665
2151 -0.11693622365
2152 0.265855274723
2153 -0.619291389408
2154 -0.172449176469
2155 -0.572389419304
2156 1.52766318092
2157 1.03300351962
2158 1.03300351962
2159 -0.449622747379
2160 -1.17999366456
2161 -1.16857839917
2162 -0.317721798222
2163 -0.411713312524
2164 1.03300351962
2165 -0.0173966789706
2166 -0.189900475342
2167 -1.25911429131
2168 0.182013997281
2169 -0.126540759332
2170 -0.0922524745516
2171 -0.3808870455
2172 2.03001834668
2173 -0.0230540711881
2174 -1.63952624841
2175 1.09827226686
2176 -0.364878915928
2177 0.15141616618
2178 0.0677638698698
2179 0.61929648485
2180 0.373436360734
2181 -0.066544215343
2182 0.0485038685667
2183 -0.324682322489
2184 -0.202673714313
2185 1.1336807692
2186 -0.938313524242
2187 0.870474067729
2188 -0.55354446373
2189 1.00277898178
2190 0.441083153663
2191 1.46239443369
2192 1.68334747873
2193 -1.25373081734
2194 -1.46448162052
2195 -0.149920143082
2196 0.847094683979
2197 1.40335166994
2198 2.45940926075
2200 1.60062743262
2201 1.03300351962
2202 -0.432413859052
2203 -0.488009902226
2204 0.108179077642
2205 0.722783172993
2206 -0.281695360526
2207 1.60062743262
2208 -0.390297051382
2209 1.46239443369
2210 0.417703769912
2211 1.06477869693
2212 -0.11693622365
2215 1.34944984974
2219 1.46239443369
2221 1.40335166994
2223 2.20823167787
2227 1.00277898178
2231 -0.731159552338
2232 -0.488009902226
2233 1.89178534776
2234 1.60062743262
2236 -0.399566253878
2237 0.544569841806
2238 0.197898973847
2239 0.05485756675
2240 -0.501162840959
2241 -0.121757105118
2242 1.7788407638
2243 -1.24360709505
2244 1.68334747873
2245 -0.978133182102
2246 1.25395656466
2247 -0.766069077493
2248 -1.33471047795
2249 -0.503760245781
2250 0.332122378568
2251 2.45940926075
2252 -0.348446118378
2253 -0.881835899321
2255 0.182013997281
2256 0.920058935671
2257 1.1336807692
2258 2.45940926075
2259 -0.39649190443
2260 0.477894782633
2261 -0.259028924423
2262 -0.696067838622
2263 -0.310682175396
2264 0.15141616618
2265 0.15141616618
2266 -0.377718342211
2267 0.222517318295
2268 -1.4270976198
2269 -0.443939403458
2271 0.205996868797
2272 -0.0342161775415
2273 -1.10123830489
2275 0.248154637894
2276 0.256941737598
2278 -1.25681281445
2279 -0.469113618019
2280 -0.102244306365
2281 1.40335166994
2282 -0.676767830852
2283 0.342195448352
2284 0.558811391828
2285 0.417703769912
2286 0.558811391828
2287 -0.601840090536
2288 -1.20472499304
2289 -1.37663633557
2290 -0.0820968349385
2291 -1.63034241233
2292 1.03300351962
2293 0.894770520696
2294 -1.11877193218
2295 0.222517318295
2296 -0.189900475342
2297 -0.748860189167
2298 1.21121685081
2299 2.03001834668
2300 -1.13113341963
2301 -0.776169520961
2302 -1.44152491701
2303 -0.694164672326
2304 1.68334747873
2305 0.894770520696
2306 0.101257439798
2307 0.635387782864
2309 2.45940926075
2310 -0.14531432155
2311 -0.922695550597
2312 -0.705496942158
2313 -0.90531956388
2314 0.0116922395959
2315 -0.202673714313
2316 -0.49593512941
2317 1.60062743262
2318 -0.684560136644
2320 -0.351767735679
2321 -1.48129130344
2322 -0.623578466327
2323 0.686332651664
2324 -1.47807321754
2325 -0.0717719268928
2326 1.34944984974
2327 0.0359886925622
2328 -0.303561635594
2329 -1.11395105071
2330 0.0876419435352
2331 -0.324682322489
2332 1.60062743262
2333 -1.05082955049
2334 -0.800722806494
2335 -0.853017673415
2336 -1.35076701764
2337 -0.107180429234
2338 -0.634168128337
2339 0.847094683979
2340 -0.729361350372
2341 0.544569841806
2342 1.40335166994
2343 2.45940926075
2344 -0.39649190443
2345 0.558811391828
2346 -0.644579804384
2347 0.0677638698698
2348 -0.652784959336
2349 -0.281695360526
2350 1.06477869693
2351 -0.0286602645841
2352 -1.28093187607
2353 -1.38293832422
2354 -0.176858306415
2355 -1.72022294985
2356 0.0612771075377
2357 -0.438203435233
2358 2.03001834668
2359 -1.17211324552
2360 -0.0612720120962
2361 -0.247376916785
2362 0.429283175131
2363 -0.646641304264
2364 -0.0820968349385
2365 -0.154491973001
2366 -1.21713984025
2367 -0.662890895403
2368 0.373436360734
2369 -1.28240858748
2370 -0.181236276173
2371 -1.0729373902
2372 -0.501162840959
2373 -0.358358012113
2374 -0.516586379782
2375 -0.850060722014
2376 -0.694164672326
2377 -0.338373048594
2378 -0.842605997368
2379 -0.466366473197
2380 -0.3808870455
2381 -0.307132136212
2382 -0.215188890317
2383 -0.211045194985
2384 -0.988886241448
2385 -0.198445164499
2386 0.362846698724
2387 -0.443939403458
2388 1.21121685081
2389 -0.565389569207
2390 -0.703622568134
2391 -1.20806002205
2392 -0.408698804666
2393 -1.25758092384
2394 -1.05190038937
2395 -1.51360120684
2396 -1.92469880161
2397 0.946423771669
2398 -0.791017958264
2399 -0.460835363752
2400 0.558811391828
2401 -0.66887625735
2402 -0.824339903272
2403 -0.818129524017
2404 -0.646641304264
2405 -1.14509674879
2406 -1.57402725396
2407 -1.39412282318
2408 -0.55354446373
2409 -0.888835749418
2410 -0.824339903272
2411 -0.782812803311
2412 -0.588421223427
2413 -0.886045293609
2414 -0.789385598578
2415 1.21121685081
2416 -0.747112712289
2417 0.222517318295
2418 -0.0230540711881
2419 0.265855274723
2420 -0.952292130817
2421 -0.931853818761
2422 -0.614974437149
2423 -0.979337225518
2424 -1.28093187607
2425 0.373436360734
2426 0.847094683979
2427 -1.25450275531
2428 -0.976926793908
2429 -0.328133474269
2430 -0.189900475342
2431 -0.927945413731
2432 -0.198445164499
2433 -1.08623805283
2434 0.352435022677
2435 0.0422146760472
2436 -0.087195465715
2437 0.136665942138
2439 -0.387176238019
2440 0.503710190531
2441 0.870474067729
2442 -0.255169222577
2443 -0.107180429234
2444 1.89178534776
2445 0.222517318295
2446 0.322210484833
2447 -0.570064913228
2448 -0.358358012113
2449 0.741845604484
2450 -0.873330317524
2451 -0.0397227039526
2452 1.06477869693
2453 -0.314211986327
2454 -0.935737719523
2455 -1.43290892078
2456 -0.610627190239
2457 -0.55354446373
2458 -0.126540759332
2459 -0.524156496091
2460 -0.0559545533326
2461 0.332122378568
2462 0.417703769912
2463 -0.929250957191
2464 1.60062743262
2465 0.573388067712
2466 1.2998649818
2467 -0.6922556411
2468 -0.781158649745
2469 -0.968415647276
2470 -1.33335345628
2471 -0.84410413629
2472 0.0809447956883
2473 -0.371331892427
2474 -0.727557913459
2475 -0.172449176469
2476 -0.644579804384
2477 0.573388067712
2478 -1.04110777942
2479 0.544569841806
2480 2.45940926075
2481 0.686332651664
2482 0.781825936744
2483 0.894770520696
2485 -0.838089718733
2486 1.52766318092
2487 1.68334747873
2488 0.136665942138
2490 -1.23091563671
2491 -0.0505910553922
2492 -0.168008439586
2493 0.824565650592
2494 0.847094683979
2495 0.0485038685667
2496 -0.757524388336
2497 -0.292724971928
2498 -0.0922524745516
2499 0.441083153663
2500 -0.0717719268928
2501 -1.06145554245
2502 -1.30556942117
2503 1.52766318092
2504 -0.331565505997
2505 -0.583882887068
2506 -0.266676924556
2507 0.417703769912
2509 1.09827226686
2510 2.20823167787
2511 0.158925108328
2512 1.06477869693
2513 -0.654819378709
2514 -0.0559545533326
2515 0.441083153663
2516 0.530648353864
2517 -0.586156211242
2518 -0.632064628379
2519 0.0612771075377
2520 -0.324682322489
2521 0.143997153646
2522 0.182013997281
2523 0.573388067712
2524 -0.570064913228
2525 -0.227456224693
2526 -0.131287756831
2527 -1.11006714995
2528 -1.10024950956
2529 -1.48342744398
2530 -0.766069077493
2531 -0.66887625735
2532 -0.754073236556
2533 -0.913399854211
2534 1.1336807692
2535 -0.0717719268928
2536 0.651908232362
2537 0.704289855132
2538 1.89178534776
2539 -1.09027376835
2540 -0.239485343284
2541 -1.03012380119
2542 -1.09925913343
2543 2.45940926075
2544 1.09827226686
2545 1.34944984974
2546 -0.289070211225
2548 0.0057641547184
2549 -0.310682175396
2550 -0.338373048594
2551 -0.358358012113
2552 0.651908232362
2553 -0.449622747379
2554 -0.154491973001
2555 -0.270465805739
2557 1.89178534776
2558 -0.49330463653
2559 0.847094683979
2560 -0.296358296962
2561 -0.131287756831
2562 1.52766318092
2565 -0.777837032445
2566 0.603612605556
2567 -0.648695966653
2568 -0.435315410691
2569 1.52766318092
2570 0.0237213581863
2571 -1.97995020486
2572 -1.16946400353
2573 0.490668021604
2574 -0.390297051382
2575 -0.176858306415
2576 2.20823167787
2577 0.824565650592
2578 2.03001834668
2579 0.802827274801
2580 -1.18949110712
2581 -1.09826717142
2582 0.293392258927
2583 -0.49330463653
2585 0.490668021604
2586 0.894770520696
2587 0.0237213581863
2589 0.312454690417
2590 0.490668021604
2591 2.45940926075
2593 0.686332651664
2594 0.332122378568
2596 -0.168008439586
2597 0.312454690417
2598 -1.00061917063
2599 -1.65061435606
2600 -0.838089718733
2602 1.7788407638
2605 -1.23411296068
2606 -0.414713222224
2607 0.274898941066
2608 1.89178534776
2609 0.284076592516
2610 0.588316022394
2611 -0.198445164499
2612 -0.154491973001
2613 -0.604048578231
2614 0.544569841806
2615 -0.358358012113
2616 -1.09826717142
2617 -1.39473830276
2618 0.517032857602
2620 0.668881352792
2621 0.265855274723
2622 -0.845598660881
2623 2.03001834668
2624 0.0237213581863
2625 0.293392258927
2626 0.686332651664
2627 1.25395656466
2628 -1.89277221432
2629 -0.189900475342
2630 0.588316022394
2631 1.89178534776
2632 1.40335166994
2633 -0.262864727034
2634 0.0809447956883
2635 0.761513292634
2636 1.2998649818
2637 0.722783172993
2638 0.668881352792
2639 -0.266676924556
2640 -1.51461591656
2641 -1.28681771743
2642 -0.974506946525
2643 -0.707365661953
2644 -0.501162840959
2645 0.0237213581863
2646 0.61929648485
2647 0.441083153663
2648 -0.832016335358
2649 0.302850154735
2650 0.722783172993
2651 0.158925108328
2652 0.453112272253
2653 0.573388067712
2654 -0.14531432155
2655 0.503710190531
2656 0.332122378568
2657 -1.52016730325
2658 1.40335166994
2659 0.517032857602
2660 -0.149920143082
2661 0.074319276464
2662 -1.03673753101
2663 0.429283175131
2664 -1.10222552445
2665 0.248154637894
2666 0.824565650592
2667 0.373436360734
2668 -0.586156211242
2669 -0.00592449662397
2670 -0.452444985255
2671 -1.23650017034
2672 -0.808695633949
2673 1.68334747873
2674 0.870474067729
2675 1.46239443369
2676 -0.570064913228
2677 -0.479981969459
2678 0.894770520696
2679 1.89178534776
2681 0.558811391828
2682 0.115178927739
2683 -1.61371965679
2685 2.03001834668
2686 -1.05616532975
2687 -0.884645337889
2688 -1.16144761376
2689 0.588316022394
2690 -0.807109256278
2691 1.03300351962
2692 -1.43348706375
2693 -0.463607091608
2694 -1.24517540004
2695 1.40335166994
2696 0.166526187033
2697 0.490668021604
2699 -1.58407803721
2700 -1.53799530031
2701 -1.32652339655
2702 -0.815000829779
2704 0.588316022394
2705 1.68334747873
2706 -1.59396835116
2707 -1.10811602978
2708 0.503710190531
2709 -0.485345467399
2710 -1.52217371842
2711 0.741845604484
2712 -1.35537283917
2713 -0.854490873021
2714 0.122258777855
2715 0.973960755873
2716 -1.87347743421
2717 -1.03673753101
2718 -0.795889386845
2719 -0.930553755026
2720 -0.779500067383
2721 0.136665942138
2722 -1.07190233542
2723 -1.29192235019
2724 -1.12355558639
2725 0.0677638698698
2726 -0.126540759332
2727 0.741845604484
2728 -0.861804773119
2729 -0.39649190443
2730 -0.289070211225
2731 -0.351767735679
2732 -0.206873595771
2733 0.465379606629
2734 -0.917400816293
2735 -0.908024721639
2736 -0.466366473197
2737 0.946423771669
2738 0.182013997281
2739 -0.895757387263
2740 1.1336807692
2741 0.342195448352
2743 0.920058935671
2744 0.635387782864
2745 -0.477282705309
2746 -1.3494447543
2747 -0.750602750491
2748 -0.15903030936
2749 0.122258777855
2750 -0.612804627076
2751 0.417703769912
2752 -0.345106594699
2753 0.384210199985
2754 1.34944984974
2755 0.761513292634
2756 0.741845604484
2757 -0.149920143082
2758 0.761513292634
2759 -0.8675943493
2760 1.68334747873
2761 -1.1460165413
2762 -1.94779725735
2763 -1.44323382883
2764 -0.601840090536
2765 1.68334747873
2766 0.722783172993
2767 0.894770520696
2768 1.2998649818
2769 0.197898973847
2770 -1.34878256274
2771 -0.296358296962
2772 -0.521643388618
2773 1.25395656466
2774 0.274898941066
2775 1.25395656466
2776 1.2998649818
2777 1.89178534776
2778 0.802827274801
2779 -0.731159552338
2780 0.158925108328
2781 0.322210484833
2782 -0.00592449662397
2783 1.46239443369
2784 0.322210484833
2785 0.894770520696
2786 0.239490438725
2787 -0.262864727034
2788 -0.897132482483
2789 -0.274231654068
2790 0.342195448352
2791 -1.73032535428
2792 -1.02901461532
2793 -0.56773165193
2794 -0.799115853213
2795 -1.01894154554
2796 -0.506346805456
2797 -1.63786655514
2798 -0.255169222577
2799 0.0422146760472
2800 0.973960755873
2801 0.094412285704
2802 -0.65684713876
2803 -0.73295254966
2804 -1.57724295343
2805 -0.892998005675
2806 -0.390297051382
2807 0.094412285704
2808 -0.782812803311
2809 1.03300351962
2810 0.588316022394
2811 2.45940926075
2812 0.517032857602
2813 0.802827274801
2814 1.60062743262
2815 -0.581601189673
2816 -0.206873595771
2817 -0.102244306365
2818 0.373436360734
2819 -0.682621230077
2820 0.429283175131
2821 2.20823167787
2822 -0.563038598103
2823 2.03001834668
2824 1.25395656466
2825 2.03001834668
2826 -1.21220371738
2827 -0.699856719806
2828 -0.0820968349385
2829 -0.243443696319
2830 1.40335166994
2831 1.60062743262
2833 1.7788407638
2834 1.09827226686
2835 0.395174736525
2836 -0.266676924556
2837 1.00277898178
2839 1.46239443369
2840 -0.851540962007
2841 -0.944706564906
2842 0.573388067712
2843 0.946423771669
2844 0.15141616618
2846 -0.277974747887
2847 0.722783172993
2848 0.588316022394
2849 0.781825936744
2850 1.68334747873
2851 -0.140673999161
2852 -0.270465805739
2853 0.824565650592
2854 1.40335166994
2855 1.46239443369
2856 0.101257439798
2857 -0.821242496107
2858 -2.15360233632
2859 -0.503760245781
2860 -0.11693622365
2861 -0.747112712289
2862 0.108179077642
2863 -0.982935377797
2864 0.824565650592
2865 1.03300351962
2866 -0.390297051382
2867 -0.65684713876
2868 0.322210484833
2869 2.20823167787
2870 -0.371331892427
2871 -1.19461080686
2872 -1.20556043503
2873 0.973960755873
2874 0.284076592516
2875 -0.625710930196
2876 0.558811391828
2877 -0.426569663421
2878 0.704289855132
2879 -0.270465805739
2880 0.239490438725
2881 -1.24124716784
2882 -0.066544215343
2883 -0.595166990364
2884 0.573388067712
2885 0.342195448352
2886 0.722783172993
2887 2.03001834668
2888 -0.0717719268928
2889 -0.617136673697
2890 -1.4032914189
2891 -0.345106594699
2892 1.34944984974
2893 0.573388067712
2894 0.741845604484
2895 2.45940926075
2896 0.824565650592
2897 1.03300351962
2898 0.0237213581863
2899 -0.0612720120962
2900 -0.259028924423
2901 -0.703622568134
2902 -0.270465805739
2903 0.0485038685667
2904 1.1336807692
2905 0.265855274723
2906 -0.531635220432
2907 -0.432413859052
2908 -1.28973979899
2911 1.68334747873
2912 -0.927945413731
2913 1.1336807692
2914 1.40335166994
2915 -1.29119568719
2916 -1.81856776173
2917 -0.965962257367
2918 -1.63034241233
2919 -0.808695633949
2920 0.0359886925622
2921 -0.67872511571
2922 -0.508922610175
2923 1.1336807692
2924 -0.140673999161
2925 0.384210199985
2926 -0.888835749418
2927 0.0422146760472
2928 0.197898973847
2929 -0.438203435233
2930 1.89178534776
2931 1.46239443369
2932 -0.066544215343
2933 1.52766318092
2934 1.89178534776
2935 -0.19418755226
2936 -0.259028924423
2937 0.0116922395959
2938 0.761513292634
2939 0.441083153663
2940 -0.00592449662397
2941 -0.601840090536
2942 -0.760956420063
2943 -0.255169222577
2944 -1.1756280359
2945 0.824565650592
2946 -0.625710930196
2947 -1.3230799183
2948 -1.22931076498
2949 -1.11973162275
2950 -0.73295254966
2951 -0.987700633158
2952 -0.348446118378
2953 -0.723935212243
2955 2.03001834668
2956 -0.176858306415
2959 -1.62102037382
2960 2.03001834668
2961 -0.601840090536
2962 1.46239443369
2963 1.1336807692
2964 1.34944984974
2965 0.239490438725
2966 -0.866152020028
2967 -0.11207753096
2968 -1.39658108094
2969 0.094412285704
2970 0.0485038685667
2971 -0.67872511571
2972 0.302850154735
2973 -0.909372883526
2974 0.284076592516
2975 -0.0286602645841
2976 -1.02790343988
2977 0.530648353864
2978 0.0176776015426
2979 0.651908232362
2981 1.21121685081
2982 0.635387782864
2983 0.166526187033
2984 1.52766318092
2985 -1.51815436844
2986 -0.952292130817
2987 -1.75419496413
2988 -0.0116871441544
2989 -0.860348884922
2990 -0.799115853213
2991 -0.855960577488
2992 0.761513292634
2993 -0.828957167944
2994 1.46239443369
2995 -0.723935212243
2996 -0.140673999161
2997 -1.89028932466
2998 1.2998649818
2999 2.03001834668
3000 -0.731159552338
3001 1.7788407638
3002 0.686332651664
3003 1.60062743262
3004 -0.5365713433
3005 -1.11395105071
3006 -1.31403625196
3007 -0.634168128337
3008 0.453112272253
3010 0.686332651664
3011 -0.211045194985
3012 1.46239443369
3013 0.302850154735
3014 0.477894782633
3015 -0.189900475342
3016 -0.891613691932
3017 0.0116922395959
3018 -0.526659449566
3019 -0.847089588537
3020 -0.990069584964
3021 0.668881352792
3022 -0.411713312524
3024 -0.259028924423
3025 1.25395656466
3026 1.60062743262
3027 1.68334747873
3028 -0.168008439586
3029 -0.361627044197
3030 -0.438203435233
3031 0.429283175131
3032 -0.463607091608
3033 -1.32445960738
3034 -0.727557913459
3035 -0.854490873021
3036 -0.307132136212
3037 -1.06460811995
3038 0.222517318295
3039 -1.2816706718
3040 -0.674804342228
3041 0.230945749567
3042 0.302850154735
3043 0.603612605556
3044 -1.05616532975
3045 -0.066544215343
3046 0.136665942138
3047 1.09827226686
3048 0.248154637894
3049 0.651908232362
3050 1.17123651855
3051 -0.259028924423
3052 -1.38356501132
3053 -0.723935212243
3054 -0.154491973001
3055 0.158925108328
3056 1.7788407638
3057 2.45940926075
3058 1.34944984974
3060 -1.02901461532
3061 -0.590677984182
3062 -0.743602900394
3063 -0.168008439586
3064 0.352435022677
3066 -0.374533347317
3067 -0.745360292047
3068 -0.789385598578
3069 0.406336842879
3070 -1.08522500249
3071 -0.697965175917
3072 -1.37916482946
3073 0.722783172993
3074 -0.458051178651
3075 0.265855274723
3076 0.0809447956883
3077 0.115178927739
3078 -0.235501534426
3079 -0.19418755226
3081 -1.43001008469
3082 -1.29842424228
3083 -0.813430537069
3084 2.45940926075
3085 2.45940926075
3086 0.166526187033
3087 -0.980538933252
3088 -0.750602750491
3089 -0.5365713433
3090 -0.317721798222
3091 -0.176858306415
3092 1.03300351962
3093 -0.417698674471
3094 0.0298246601891
3095 -0.986512751409
3096 0.0809447956883
3097 -0.411713312524
3098 -1.01781213749
3099 -0.586156211242
3100 -1.09727361845
3101 -1.25373081734
3102 -0.516586379782
3103 0.274898941066
3104 -1.22447105175
3105 -1.15150680006
3106 0.894770520696
3107 -1.3034345076
3108 -1.35537283917
3109 0.312454690417
3110 0.722783172993
3111 -0.432413859052
3112 0.256941737598
3113 -1.03564013455
3114 -1.67573994277
3115 -0.0230540711881
3116 1.40335166994
3117 0.230945749567
3118 0.293392258927
3119 2.20823167787
3120 -0.126540759332
3121 1.09827226686
3122 0.802827274801
3123 2.20823167787
3124 0.704289855132
3125 -0.393402221504
3126 2.20823167787
3127 0.395174736525
3128 0.453112272253
3129 -0.619291389408
3130 -0.066544215343
3131 2.45940926075
3132 0.635387782864
3133 0.573388067712
3134 -0.274231654068
3135 -0.377718342211
3136 2.20823167787
3137 1.17123651855
3138 0.293392258927
3139 1.1336807692
3140 1.52766318092
3141 0.332122378568
3142 -0.126540759332
3143 0.722783172993
3144 0.477894782633
3145 -0.55354446373
3146 -0.660882854286
3147 -1.51461591656
3148 -1.17912299661
3149 1.52766318092
3150 0.352435022677
3152 -0.747112712289
3153 -0.551148019185
3154 1.60062743262
3155 -0.70922876153
3156 -0.795889386845
3157 -0.985322587465
3158 0.544569841806
3159 -0.899873549532
3160 -1.45673801791
3161 1.06477869693
3162 1.00277898178
3163 -0.652784959336
3165 0.342195448352
3166 1.7788407638
3167 -0.277974747887
3168 -0.942157260311
3169 -0.539024733209
3171 0.894770520696
3173 -0.939597421369
3174 -1.30698862028
3175 -1.72925080042
3176 -1.56754533982
3177 -0.285393760421
3178 -0.97207760952
3179 -0.466366473197
3180 0.256941737598
3181 -0.266676924556
3182 -0.097268535499
3183 0.530648353864
3184 1.89178534776
3185 -0.819687965449
3186 -0.86903332821
3187 2.20823167787
3188 0.417703769912
3189 -0.644579804384
3190 -0.259028924423
3192 0.920058935671
3194 -0.452444985255
3196 -0.813430537069
3197 -0.534108198336
3198 -0.694164672326
3199 0.239490438725
3200 -0.299970436306
3201 -0.755801215758
3203 -0.957298058198
3204 -0.40566955588
3205 2.03001834668
3206 -0.140673999161
3207 1.89178534776
3208 -0.565389569207
3210 -1.31543620768
3211 0.293392258927
3212 2.45940926075
3213 -0.485345467399
3214 0.05485756675
3215 1.40335166994
3216 2.20823167787
3217 0.094412285704
3218 0.741845604484
3219 -0.891613691932
3221 0.802827274801
3222 0.781825936744
3223 0.802827274801
3224 0.197898973847
3225 -0.087195465715
3228 2.45940926075
3230 0.189905570783
3232 1.89178534776
3233 2.45940926075
3235 0.248154637894
3236 2.45940926075
3238 -0.572389419304
3239 0.651908232362
3240 0.722783172993
3241 0.384210199985
3242 2.20823167787
3243 -0.629953961457
3244 -0.68841983849
3245 1.89178534776
3246 -0.929250957191
3247 -1.1386196756
3248 -0.399566253878
3249 -0.722115885995
3250 -0.767763962661
3251 -0.592926553411
3252 -1.02567509164
3253 -1.46062191867
3254 -0.871901296954
3255 -1.44889639241
3256 -1.42182042624
3257 -1.10024950956
3258 -0.720291200899
3259 -0.827421900387
3260 -0.935737719523
3261 -0.866152020028
3262 -0.266676924556
3263 -1.13954912835
3264 -0.975718051783
3265 -0.697965175917
3266 -0.231491940219
3267 -0.939597421369
3268 -0.324682322489
3269 -0.931853818761
3270 -0.393402221504
3271 -0.699856719806
3272 -0.296358296962
3273 -1.04975685733
3274 -0.879013661445
3275 0.0876419435352
3276 0.517032857602
3281 0.477894782633
3282 1.46239443369
3283 1.21121685081
3284 0.530648353864
3285 -0.857426803361
3286 -0.087195465715
3287 -0.121757105118
3288 2.03001834668
3289 0.441083153663
3292 1.7788407638
3293 1.89178534776
3294 2.45940926075
3295 2.45940926075
3296 -0.402625421291
3298 -1.0635590424
3299 -0.314211986327
3300 -1.01099210374
3301 -1.07603221833
3302 0.429283175131
3303 1.7788407638
3304 0.395174736525
3305 2.45940926075
3306 0.920058935671
3307 -0.581601189673
3308 -0.632064628379
3309 0.920058935671
3310 0.332122378568
3311 0.722783172993
3313 1.03300351962
3314 2.03001834668
3316 -0.621438636419
3317 -0.956050363632
3318 0.490668021604
3319 0.824565650592
3320 0.530648353864
3322 2.03001834668
3324 -0.361627044197
3325 -0.255169222577
3326 -0.328133474269
3327 -0.14531432155
3328 -0.672834610386
3329 0.847094683979
3330 -0.0116871441544
3331 0.686332651664
3333 1.17123651855
3334 -0.910718117805
3335 1.34944984974
3336 2.45940926075
3337 2.45940926075
3338 0.847094683979
3339 0.558811391828
3340 0.248154637894
3341 -0.317721798222
3342 -0.460835363752
3343 0.603612605556
3344 1.03300351962
3345 0.946423771669
3346 1.89178534776
3347 -0.429498653002
3349 0.894770520696
3350 -0.185583523082
3351 1.21121685081
3352 2.20823167787
3353 2.45940926075
3354 -1.24673974467
3355 -0.640436109052
3357 0.0176776015426
3358 -0.890226277819
3359 -0.985322587465
3360 -1.0635590424
3361 -1.44663757444
3362 -1.22447105175
3363 -1.38419106508
3364 -0.219305052586
3365 -0.519120044427
3366 -0.56773165193
3367 0.558811391828
3368 0.322210484833
3370 0.129420477761
3371 0.490668021604
3372 0.395174736525
3373 2.20823167787
3374 1.21121685081
3375 0.302850154735
3377 2.45940926075
3378 2.03001834668
3379 0.0677638698698
3380 2.20823167787
3381 2.45940926075
3384 -0.592926553411
3385 -0.176858306415
3386 -1.21713984025
3387 -0.303561635594
3388 -0.640436109052
3389 0.635387782864
3390 0.722783172993
3391 0.0612771075377
3392 -0.243443696319
3393 0.453112272253
3394 -0.423626759348
3395 0.406336842879
3396 -1.20722794651
3397 -0.754073236556
3398 -0.723935212243
3399 0.122258777855
3400 0.802827274801
3401 -0.0397227039526
3402 0.946423771669
3403 0.741845604484
3404 -0.449622747379
3405 -0.189900475342
3406 0.0057641547184
3407 2.20823167787
3408 -1.56005342516
3409 -0.908024721639
3410 1.52766318092
3412 -0.310682175396
3413 2.45940926075
3414 0.465379606629
3415 0.946423771669
3416 0.453112272253
3417 0.230945749567
3418 -1.60633187199
3419 1.2998649818
3420 -0.390297051382
3421 -1.50696476772
3422 -0.423626759348
3423 0.222517318295
3424 -1.23729386698
3425 0.182013997281
3426 -0.438203435233
3427 0.222517318295
3428 0.362846698724
3429 -0.588421223427
3430 -0.452444985255
3431 0.136665942138
3432 0.239490438725
3433 0.490668021604
3434 0.635387782864
3435 -1.02119420309
3436 -0.11693622365
3437 1.34944984974
3438 -1.00178033337
3439 -0.534108198336
3440 -0.355071637603
3441 -0.929250957191
3442 0.61929648485
3443 1.89178534776
3444 -0.458051178651
3445 -0.168008439586
3446 0.61929648485
3447 0.239490438725
3448 -1.43923900983
3449 0.704289855132
3450 -1.25911429131
3451 -0.740073089463
3452 -0.705496942158
3453 0.108179077642
3454 0.558811391828
3456 0.302850154735
3457 -0.176858306415
3459 0.332122378568
3461 -0.745360292047
3462 -0.654819378709
3463 1.46239443369
3464 1.03300351962
3465 1.09827226686
3466 -0.449622747379
3467 -0.599623701258
3468 -0.895757387263
3469 -0.574705235617
3470 0.0876419435352
3471 -1.62102037382
3472 2.03001834668
3473 0.920058935671
3474 1.17123651855
3475 -0.14531432155
3476 -1.13954912835
3477 -0.581601189673
3478 -0.570064913228
3479 -1.01099210374
3480 -0.235501534426
3481 -1.58679109326
3482 2.20823167787
3483 -0.285393760421
3484 -0.648695966653
3485 2.45940926075
3486 1.46239443369
3487 0.274898941066
3488 0.973960755873
3489 -1.18863369502
3490 1.1336807692
3491 0.293392258927
3492 1.25395656466
3493 2.45940926075
3494 -0.684560136644
3495 1.34944984974
3496 0.362846698724
3497 0.0612771075377
3498 -0.634168128337
3499 -1.31403625196
3500 -0.317721798222
3501 -0.577012426896
3502 0.115178927739
3503 -0.185583523082
3504 -1.15875226444
3505 -0.748860189167
3506 -0.281695360526
3507 -0.805518805745
3508 -0.766069077493
3509 0.0876419435352
3510 -1.26823563611
3511 0.293392258927
3512 -0.901239548195
3513 -0.853017673415
3514 0.332122378568
3515 -0.368113806529
3516 -0.471848634128
3517 2.45940926075
3518 0.417703769912
3519 -0.390297051382
3520 0.741845604484
3521 -0.355071637603
3522 2.20823167787
3523 1.60062743262
3524 -1.00178033337
3525 -0.757524388336
3526 -1.26064387269
3527 -1.55151527885
3528 -0.68649299357
3529 -0.235501534426
3531 0.847094683979
3532 1.00277898178
3533 1.68334747873
3534 -0.967190166872
3535 -1.10419525629
3536 -0.947245421502
3537 0.704289855132
3538 -0.314211986327
3539 0.61929648485
3540 0.824565650592
3542 2.45940926075
3543 -1.2816706718
3544 0.05485756675
3545 -0.886045293609
3546 -0.460835363752
3547 0.197898973847
3548 -0.588421223427
3549 -0.555931673398
3550 -0.255169222577
3551 -0.822793135571
3552 -1.36962928753
3553 0.158925108328
3554 -0.0717719268928
3555 -1.33063046226
3556 -0.699856719806
3557 -0.0559545533326
3559 0.781825936744
3562 0.870474067729
3563 1.2998649818
3564 -0.11693622365
3565 -0.595166990364
3566 -0.652784959336
3567 0.686332651664
3568 0.870474067729
3569 0.651908232362
3570 1.46239443369
3571 -0.11207753096
3572 0.197898973847
3573 0.870474067729
3574 1.1336807692
3575 2.20823167787
3576 -0.610627190239
3577 0.352435022677
3578 -1.79580878879
3579 0.274898941066
3580 0.802827274801
3581 1.25395656466
3584 -0.121757105118
3585 1.06477869693
3586 0.824565650592
3587 0.781825936744
3588 0.490668021604
3590 0.136665942138
3591 -1.10222552445
3592 1.60062743262
3593 -0.725749211028
3594 -0.334978628363
3595 2.03001834668
3596 0.352435022677
3597 0.651908232362
3598 -0.324682322489
3599 0.0176776015426
3600 -0.0820968349385
3601 2.45940926075
3602 0.477894782633
3603 2.20823167787
3604 -0.087195465715
3605 0.453112272253
3606 -0.289070211225
3608 -1.29770517064
3609 2.03001834668
3610 0.704289855132
3611 1.21121685081
3612 0.781825936744
3613 0.074319276464
3614 -1.01099210374
3615 -0.731159552338
3616 -0.163535639344
3617 -0.851540962007
3618 -0.772820971498
3619 0.0876419435352
3620 0.465379606629
3621 2.20823167787
3622 0.143997153646
3623 -1.55911053283
3624 -1.24517540004
3625 1.17123651855
3626 0.477894782633
3627 -0.00592449662397
3628 0.0298246601891
3629 -0.590677984182
3631 2.20823167787
3632 0.603612605556
3633 -0.745360292047
3634 -0.274231654068
3635 -0.944706564906
3636 1.52766318092
3637 1.03300351962
3638 -1.12545875269
3639 -0.910718117805
3640 1.34944984974
3641 1.60062743262
3642 1.2998649818
3643 0.0298246601891
3644 1.1336807692
3645 1.09827226686
3646 -0.328133474269
3648 1.52766318092
3649 -0.634168128337
3651 2.45940926075
3652 1.89178534776
3653 -0.211045194985
3654 -0.963499112403
3655 0.465379606629
3657 1.7788407638
3658 0.265855274723
3659 0.635387782864
3660 -0.243443696319
3661 0.158925108328
3662 0.0876419435352
3663 0.373436360734
3664 0.417703769912
3665 0.870474067729
3666 1.7788407638
3667 0.686332651664
3668 -0.750602750491
3669 0.248154637894
3670 1.00277898178
3671 -1.46006856433
3672 -0.239485343284
3673 0.761513292634
3674 0.503710190531
3675 -0.581601189673
3676 -0.390297051382
3677 0.530648353864
3678 0.101257439798
3679 0.332122378568
3680 0.503710190531
3681 -0.694164672326
3682 -0.423626759348
3683 -1.10222552445
3684 -0.754073236556
3685 -1.01441150603
3686 -0.842605997368
3687 2.45940926075
3688 -0.720291200899
3689 -0.176858306415
3690 -0.087195465715
3691 0.573388067712
3692 0.373436360734
3693 -0.334978628363
3694 0.332122378568
3695 0.429283175131
3696 0.302850154735
3697 -1.11684807926
3698 -1.19545999156
3699 -1.30057646265
3700 -0.521643388618
3701 -0.965962257367
3702 -1.43001008469
3703 -1.41112922841
3704 -1.18863369502
3705 -0.791017958264
3706 -0.892998005675
3707 -0.498554499665
3708 -0.572389419304
3709 -0.0397227039526
3710 -0.345106594699
3711 0.722783172993
3712 -0.766069077493
3713 0.136665942138
3714 0.293392258927
3715 0.115178927739
3716 0.284076592516
3717 -1.05722699263
3718 0.342195448352
3719 0.530648353864
3720 0.122258777855
3721 0.920058935671
3723 -0.577012426896
3724 -0.377718342211
3725 -0.0342161775415
3726 0.0485038685667
3727 -0.206873595771
3728 -0.206873595771
3729 -0.458051178651
3730 -0.899873549532
3731 0.558811391828
3732 0.248154637894
3733 -0.621438636419
3734 0.384210199985
3735 -0.954800151014
3736 0.61929648485
3737 0.465379606629
3738 0.197898973847
3739 0.603612605556
3740 -1.05722699263
3741 -0.508922610175
3742 -0.490662926163
3743 0.197898973847
3744 -0.854490873021
3745 -1.00293932368
3746 0.265855274723
3747 -0.206873595771
3748 2.45940926075
3749 0.973960755873
3751 -1.56661379055
3752 -1.0312310046
3753 -1.52367427663
3754 -0.411713312524
3755 -1.39841839363
3756 0.920058935671
3757 1.1336807692
3758 -0.0769558913897
3759 0.686332651664
3760 -0.654819378709
3761 0.824565650592
3762 2.20823167787
3763 -1.17034834364
3764 -0.519120044427
3765 0.517032857602
3766 -0.364878915928
3767 0.0116922395959
3768 0.166526187033
3769 -0.361627044197
3770 -0.718461125292
3771 -0.219305052586
3772 2.20823167787
3773 -0.296358296962
3774 0.312454690417
3775 1.03300351962
3776 0.920058935671
3777 1.40335166994
3778 1.7788407638
3780 0.588316022394
3781 0.802827274801
3782 0.544569841806
3783 -0.49330463653
3784 -0.274231654068
3785 -1.0872494492
3786 -0.341748970531
3787 0.322210484833
3788 -0.521643388618
3789 -0.239485343284
3790 0.453112272253
3791 -0.874756049206
3792 0.239490438725
3793 -1.64612090968
3794 -0.0820968349385
3795 0.293392258927
3796 1.2998649818
3797 0.802827274801
3798 -0.913399854211
3799 0.0359886925622
3800 2.20823167787
3801 -0.390297051382
3802 -0.652784959336
3803 1.52766318092
3804 0.558811391828
3805 0.704289855132
3806 0.373436360734
3807 -0.00010773893564
3808 0.544569841806
3809 -1.26521008606
3810 0.15141616618
3811 -0.757524388336
3812 -0.612804627076
3813 0.15141616618
3814 -0.449622747379
3816 0.635387782864
3817 1.17123651855
3818 1.68334747873
3819 -0.519120044427
3820 0.651908232362
3821 -0.526659449566
3822 0.256941737598
3823 0.293392258927
3824 -0.0612720120962
3825 -0.39649190443
3826 -0.830488640028
3827 -0.933151159847
3828 2.45940926075
3830 0.894770520696
3831 -0.348446118378
3832 1.00277898178
3833 0.395174736525
3834 -0.314211986327
3835 -0.321211836424
3836 -0.782812803311
3837 0.108179077642
3838 0.573388067712
3839 0.503710190531
3840 -0.0342161775415
3841 -0.65684713876
3843 0.781825936744
3844 -0.835060469947
3845 0.824565650592
3846 -0.163535639344
3847 0.894770520696
3848 1.03300351962
3849 0.558811391828
3850 1.2998649818
3851 0.603612605556
3852 -0.417698674471
3853 1.2998649818
3854 1.03300351962
3855 0.61929648485
3857 0.352435022677
3858 0.265855274723
3859 0.158925108328
3860 1.17123651855
3861 -0.508922610175
3862 1.03300351962
3863 -1.13113341963
3864 -0.185583523082
3865 -0.202673714313
3866 1.7788407638
3867 1.34944984974
3868 -1.16234346373
3869 -0.86903332821
3870 0.477894782633
3871 -0.654819378709
3872 0.0237213581863
3873 -0.601840090536
3874 0.920058935671
3875 1.89178534776
3876 2.03001834668
3877 -0.334978628363
3878 1.34944984974
3879 -0.189900475342
3880 1.09827226686
3882 -0.490662926163
3883 1.21121685081
3884 0.603612605556
3885 0.870474067729
3886 0.603612605556
3887 2.03001834668
3888 2.45940926075
3889 -0.149920143082
3891 1.68334747873
3892 1.46239443369
3893 -1.03012380119
3894 1.00277898178
3895 0.074319276464
3896 -0.324682322489
3897 -1.38668897226
3898 0.530648353864
3899 2.20823167787
3900 0.722783172993
3901 -0.00010773893564
3902 0.920058935671
3903 0.441083153663
3905 1.60062743262
3906 0.741845604484
3908 0.0876419435352
3909 0.265855274723
3910 -0.393402221504
3911 -1.13019124432
3912 0.603612605556
3913 0.741845604484
3914 0.256941737598
3915 -0.11207753096
3916 -0.877597706218
3917 -0.599623701258
3918 -0.281695360526
3919 0.122258777855
3920 0.293392258927
3921 0.503710190531
3922 0.61929648485
3923 0.0116922395959
3924 0.870474067729
3925 -0.097268535499
3926 -0.328133474269
3927 -0.736523050279
3928 -0.411713312524
3929 -0.202673714313
3930 -0.460835363752
3931 0.847094683979
3932 -0.485345467399
3933 1.17123651855
3934 0.824565650592
3935 0.946423771669
3936 -0.0342161775415
3937 -0.149920143082
3938 0.847094683979
3939 0.870474067729
3940 1.21121685081
3941 0.973960755873
3942 0.824565650592
3943 0.0612771075377
3944 1.52766318092
3945 0.558811391828
3946 0.0359886925622
3947 0.406336842879
3948 -1.29842424228
3949 -0.652784959336
3950 0.417703769912
3951 0.603612605556
3952 -0.803924261383
